6.250000000000000347e-03
3.397053775477729687e-01
2.104862095044696402e-01
2.100048136073015825e-01
1.899996528811929430e-01
2.100000240159982101e-01
1.849799927508792297e-01
2.100000002657666509e-01
2.049999991856216175e-01
2.000000005690702187e-01
1.949895828471316928e-01
1.593309724595809718e-01
1.950000100564513172e-01
1.949999983910048196e-01
1.650003665320361190e-01
1.899999999999999190e-01
2.100114092153688716e-01
1.799999597154101072e-01
2.149999999994020028e-01
2.003947891892813860e-01
1.825357645579326060e-01
2.049989314488827319e-01
1.875089341015658273e-01
1.949999996507754130e-01
2.162516108669931547e-01
2.175000000058399385e-01
1.699999908378252433e-01
1.750142944004639267e-01
1.749999999999900524e-01
1.799964698077713698e-01
2.024999999967804498e-01
1.650048299792187256e-01
2.149999999996345945e-01
2.149999999999999967e-01
1.861389741466749903e-01
1.650000001130934590e-01
2.000000000060959127e-01
2.099925760127884233e-01
2.001275259254961247e-01
2.000000056149396910e-01
1.997791740907063074e-01
1.974962153164680212e-01
1.399999999999234079e-01
2.224999153342507030e-01
1.499999999999966083e-01
1.699696820908573880e-01
2.100247409479019112e-01
2.299999999999922107e-01
1.849999999960965646e-01
2.024843603984086693e-01
1.749999999999718725e-01
1.700000000159959390e-01
1.700000000000000122e-01
1.850000000070730899e-01
1.845068487796905909e-01
1.849997753081746021e-01
1.303717436297905652e-01
1.857900148150523068e-01
1.824894550371528312e-01
2.075000000000002121e-01
1.690885337691589163e-01
1.575000000000000011e-01
1.724975141155958569e-01
1.950000000000000067e-01
1.749999751661331371e-01
1.974999323682969654e-01
1.526575387498394498e-01
1.875057234920226301e-01
2.174636686882096270e-01
2.048341067980011532e-01
1.750000000001870892e-01
1.714091484734676651e-01
1.724999771090021117e-01
2.124999495815129147e-01
1.994845935594197206e-01
1.799999897788633896e-01
1.801317084139869018e-01
1.874997358956737026e-01
1.749998178072141308e-01
1.649964451019879652e-01
1.629586155087069665e-01
1.874999999842655307e-01
1.749999999966501685e-01
1.843618752585874654e-01
1.890379511099112286e-01
1.749999986037778510e-01
1.907866791974738296e-01
1.872085684940057171e-01
1.455413477121547949e-01
1.700850106516010041e-01
1.925039419553359332e-01
1.895124731271244645e-01
1.899988495861702764e-01
1.374999936825027913e-01
1.874975256861645401e-01
1.723811579411858863e-01
1.650530457558746500e-01
1.849999999999306088e-01
1.798091197751994774e-01
1.699944485293589935e-01
1.384674324941125856e-01
1.899999998937177692e-01
1.650000000000050038e-01
1.674996647459990884e-01
2.026669220000500982e-01
1.800047505798899883e-01
1.575000007440036098e-01
2.099999999999999922e-01
1.926048072217210749e-01
1.650026382111535461e-01
1.473475243652137556e-01
1.850116271375118471e-01
1.993993827395250662e-01
1.750000073923385357e-01
1.775076866539786469e-01
1.949999999993533295e-01
1.900000000001207945e-01
1.725000045577415320e-01
1.799999962877653070e-01
1.629584300905191352e-01
1.649999999933182693e-01
1.650040518604676265e-01
1.724999999089784075e-01
1.749999999981460552e-01
1.999999753605042896e-01
2.124772482565238096e-01
1.924999999999999767e-01
1.675000000000000100e-01
1.979551732001128550e-01
1.982486817392263012e-01
1.853200704631043916e-01
1.725004876052282921e-01
1.624999988304375309e-01
1.893397986659409449e-01
1.874507801707751831e-01
1.825001313955869897e-01
1.799999997376668381e-01
1.723855774925583395e-01
1.676621940960404678e-01
1.500008099351232416e-01
2.025000000053292504e-01
1.849999999239085036e-01
1.813538478739039894e-01
1.765401597133643419e-01
1.749797722627474961e-01
1.874589015078521048e-01
1.700000000014505741e-01
1.699975814511850980e-01
1.900000000000000022e-01
1.949201635347603823e-01
1.910898767004345911e-01
1.700000000002268030e-01
2.125223709985363252e-01
1.724999999942705420e-01
1.749986843333044551e-01
1.999999757260219335e-01
2.073642054062241613e-01
1.849437950483671378e-01
1.599999998687940683e-01
2.099083335439234643e-01
1.775000000009402668e-01
1.575030179013747478e-01
1.849266781228920964e-01
1.575019976558341139e-01
1.899999999999999745e-01
1.402290317954634769e-01
1.999999562178668144e-01
1.874714275853454626e-01
1.884155484267217295e-01
1.575000085740953792e-01
2.003234816267115415e-01
2.001619970397658099e-01
1.849999999999999978e-01
1.899999994469079578e-01
1.750206548985679678e-01
1.824999999999999956e-01
1.876463612578103957e-01
2.093737321122519923e-01
1.599669012228264464e-01
1.774999999999999911e-01
1.748130562871910709e-01
1.675239294836597670e-01
1.863754018813292834e-01
1.199999999999975253e-01
1.918269377570809286e-01
1.650000000000042544e-01
1.951291303870274219e-01
1.594242534484767992e-01
1.824999999999999956e-01
1.599999962956854260e-01
2.098658917852695982e-01
1.925001036680072664e-01
1.749994570180704034e-01
1.915057307595252334e-01
1.810834458483319420e-01
1.449999999999999900e-01
1.675000000000000100e-01
1.699999999867868594e-01
1.820464042591092013e-01
1.549999999999999989e-01
1.399285329505775277e-01
1.848116968344861999e-01
1.850409579654745951e-01
1.499999999999999944e-01
1.949877851458212130e-01
2.097840094634727537e-01
1.849960949880305461e-01
2.001491378455736436e-01
1.600211785622053517e-01
2.125000969940982753e-01
1.948409169829295740e-01
1.774675827399844752e-01
1.749906940186883031e-01
1.733791597425647646e-01
1.699942774061656003e-01
1.800591903095256907e-01
1.549935472825852423e-01
1.774999999592152822e-01
1.652153527044957215e-01
2.075228674659376771e-01
1.799999999999999933e-01
1.400000000000000133e-01
1.599999999993634014e-01
1.600000000058229288e-01
1.799999999999999933e-01
1.499818986227136053e-01
1.773653174229485041e-01
1.774304050622380335e-01
1.625187854530382725e-01
1.718140435092863350e-01
1.948920803747406505e-01
1.599999981865365684e-01
1.400005425923836200e-01
1.974990308234740866e-01
1.724999932447743578e-01
2.057072001128517624e-01
1.726036464761106504e-01
2.119828015842180335e-01
1.783918944234694215e-01
1.900000007351469178e-01
2.078520449783279878e-01
1.700000013822556555e-01
2.043731486462285196e-01
1.917025424554211488e-01
1.724931416541124474e-01
2.199999076221222094e-01
1.949999748400363941e-01
2.021857114595559390e-01
1.650040400676715813e-01
1.725121752156314747e-01
1.925004255260163444e-01
1.924999999880010193e-01
1.649999999999999523e-01
1.946436380490446649e-01
1.774671025739990304e-01
1.899999999997832867e-01
1.618234310974288326e-01
1.730382132256468031e-01
1.849999654493622581e-01
1.749412713244669904e-01
1.750000000002503997e-01
1.824999097436020845e-01
1.600000018456385897e-01
1.890401941212846992e-01
1.548717515223612118e-01
1.891850249488578606e-01
1.699999999723876831e-01
2.099999999800984118e-01
1.576216059929771984e-01
1.774999999857642674e-01
1.952947164940450897e-01
1.924999767934213457e-01
1.894003148969035100e-01
1.974999998763987685e-01
1.701950716532626973e-01
1.849999982853622604e-01
1.976780381629223149e-01
1.710467969883827100e-01
1.649186613641422661e-01
2.000000000133445588e-01
2.224999371335313336e-01
1.871069106319003250e-01
2.149999931950845877e-01
1.625000000000000056e-01
1.400071844238715835e-01
1.575000056438956575e-01
1.749087165181370807e-01
1.673965543857840188e-01
1.899999995985467705e-01
1.649999879871721364e-01
1.726760533518433560e-01
1.799997649480207795e-01
1.599989971181796089e-01
1.848929875898022157e-01
1.749999991391799903e-01
1.725033577417786901e-01
1.550046164023348438e-01
1.799978674454831007e-01
1.699999999987389654e-01
1.993390615711914948e-01
1.449999999999999900e-01
1.455978033067676369e-01
1.824981293754349976e-01
1.649999993622046635e-01
1.833822992735307522e-01
1.575630117347802672e-01
2.049951488898936747e-01
1.726089908078799473e-01
1.750005805755246446e-01
1.649938364161041837e-01
1.774998694704921498e-01
1.799999999999999933e-01
1.549999995014352816e-01
1.950000000015739143e-01
1.824999991998623727e-01
1.750000000026759317e-01
1.900000000000000022e-01
1.855476351867736129e-01
1.899999999133488160e-01
1.674999660893111697e-01
1.650000003494938028e-01
1.748379410674120171e-01
1.748621814735207558e-01
1.900000099916421548e-01
1.912699917662674942e-01
1.742079120718060259e-01
1.839624431153996931e-01
1.849331863074009930e-01
1.724999978076115770e-01
1.900001231120870271e-01
1.965971051768708455e-01
1.781403053499937827e-01
1.699999999997861277e-01
1.951636405379540973e-01
1.707351135424441391e-01
1.615586978477986657e-01
1.600000002168268654e-01
1.699539259584626483e-01
1.875000000353981289e-01
1.424996716860046919e-01
1.649999932964969218e-01
1.749896071109544315e-01
1.650000000000000078e-01
1.775000006075153069e-01
1.524999999999999967e-01
2.124793066785297668e-01
1.532884264677851771e-01
1.385699913455236132e-01
1.850000000000591172e-01
1.644490662454523300e-01
1.624966738924737697e-01
1.549999990659427784e-01
1.800000005002817816e-01
1.708651885726068520e-01
1.619251643781524364e-01
1.617491168284174163e-01
2.050000324207450486e-01
1.899999955133243879e-01
1.900000396038926120e-01
1.874274730870302275e-01
1.665448755991816299e-01
1.974999999993224398e-01
1.900000000005358236e-01
2.124999999999999944e-01
1.762843001017033728e-01
1.475305936732845824e-01
1.674999998652239586e-01
1.675763367730113695e-01
1.630872078840931994e-01
1.799946374287667850e-01
1.749999463281723400e-01
2.026840428571812236e-01
1.824896417907541923e-01
1.898040603379901048e-01
1.763200669656996289e-01
1.599998278899794069e-01
1.551623456717559912e-01
1.749999998654730993e-01
1.764265409196628664e-01
1.666619603686726181e-01
1.975000578265355133e-01
1.800162599502457550e-01
1.699944926893336428e-01
1.500011742282489347e-01
1.475000000000205036e-01
1.999999999885102298e-01
1.524999937800096406e-01
1.873768958036099164e-01
1.749999973045398283e-01
1.499999956543767998e-01
1.549985184080869549e-01
1.675202642426754374e-01
1.650000000000000078e-01
1.449999726508558184e-01
1.950433293420631153e-01
1.650009604098841287e-01
1.725200199870755569e-01
1.500035810494443622e-01
1.825002512000547528e-01
1.925687328048027724e-01
1.649999999997925904e-01
1.924857867193227046e-01
1.549978861242445882e-01
1.449973842546861957e-01
1.774999005486529446e-01
1.899999999968123021e-01
1.709500148365509509e-01
1.724999999924749228e-01
1.558723573081573222e-01
1.849741891933608107e-01
2.149999900304044309e-01
1.849999976497230803e-01
1.783740415443111904e-01
1.723650428632777232e-01
1.445643462104180821e-01
1.650225322423300167e-01
1.597776070699288842e-01
1.664696929075714371e-01
1.799999999999999933e-01
1.797917715437361563e-01
1.774999932675138670e-01
1.825002466369282650e-01
1.649980860368632229e-01
1.749999981689970840e-01
1.475000002872700611e-01
1.800000000000036293e-01
1.649999989868572159e-01
1.575004393520801349e-01
1.499992473967606821e-01
1.674999999999988720e-01
1.874973101632878003e-01
1.900000000180002979e-01
1.949519982684015940e-01
1.600000000000000033e-01
1.899999999999893163e-01
1.649725334488290618e-01
1.600000000000039169e-01
1.350000000000000089e-01
2.049999999999997380e-01
1.428395706503666485e-01
1.824993244001932857e-01
1.799992238008453482e-01
1.577335362786416728e-01
1.599434472650346217e-01
1.665300070458079762e-01
1.699970211108562113e-01
1.599999942479993775e-01
1.700000006586787904e-01
1.924140699106059726e-01
1.474998448603024870e-01
1.520389434400458428e-01
1.474995546884474984e-01
1.849999999999999978e-01
2.184270271586697676e-01
1.549999926714678011e-01
1.474992809113649661e-01
1.849999987618494157e-01
1.849999999999999978e-01
1.650871236635211292e-01
1.799990162033850427e-01
2.024948313075440876e-01
1.699994341982845047e-01
1.824999567256314625e-01
1.600000000493909669e-01
1.773457669235649348e-01
1.650033535381751071e-01
1.699509619984612419e-01
1.624999997481337832e-01
1.749027677440272710e-01
1.799999999340246015e-01
1.999994591387369569e-01
1.649999934531569679e-01
2.050928471679973331e-01
1.530688796043123689e-01
1.675000000000352873e-01
1.788078771569117098e-01
1.443481920778887928e-01
1.475058130318800953e-01
1.474986657398259793e-01
1.401756508330877227e-01
1.799297750377316929e-01
1.800000218168735788e-01
2.050266691509610717e-01
1.893949945970785365e-01
1.993159485275939335e-01
1.419990514165929418e-01
1.624875886469950015e-01
1.849989329313056763e-01
1.849953703498546931e-01
1.575160398801427053e-01
1.650000000000000078e-01
1.949997406692998980e-01
1.700003321575229709e-01
1.673156295254412396e-01
1.650740070517927593e-01
1.449999551243999207e-01
1.700019530365203535e-01
1.824987612994425079e-01
1.808228648888939860e-01
1.272582053321612838e-01
1.624998789547153488e-01
1.800084491082407090e-01
1.724882125839685976e-01
1.700610610370308362e-01
1.649990424186398852e-01
1.649939642130248407e-01
1.352035457304796295e-01
1.470015602840905600e-01
1.599506402044121312e-01
1.680719707072231284e-01
2.000000085740010203e-01
1.399999836195193192e-01
2.200164598586177855e-01
2.041577383379515609e-01
1.999719950931833634e-01
2.024668461807550834e-01
1.574680736436142592e-01
1.475055936649553034e-01
1.624711722599577746e-01
1.900000000000000022e-01
1.499999999999999944e-01
2.150000001949466666e-01
1.600005444773600072e-01
1.849441296965891601e-01
1.200008088071779638e-01
1.780818799152251164e-01
1.799999457667552649e-01
1.798173633383025605e-01
1.799957793624379354e-01
1.801295081617765581e-01
2.150000000002261213e-01
1.550004524260004402e-01
1.925336359329220537e-01
2.022536278156645551e-01
1.799991726064195663e-01
1.709687499516428788e-01
1.401138627306803275e-01
1.635848840465045362e-01
1.549999992474671018e-01
1.780429446198049381e-01
1.699999927852352544e-01
1.499889707977759279e-01
1.849999720196998376e-01
1.404987694941744747e-01
1.499999998640861865e-01
1.702793016555843864e-01
1.774996650700257084e-01
1.480073035983420771e-01
1.575000096647761194e-01
1.604817973001704812e-01
1.694243213286959759e-01
1.749999999310883625e-01
1.900000000000000022e-01
1.524881635212184117e-01
1.625000000000000056e-01
1.425005968273738988e-01
1.974999997914679006e-01
1.750000015532131581e-01
1.649999999998717493e-01
1.999998179235426277e-01
1.906399915002474910e-01
1.899999999998838174e-01
1.600000007396565060e-01
1.624937156164964203e-01
1.850000000074189521e-01
1.674337908265101094e-01
1.425365887798094866e-01
1.900000000000000577e-01
1.809814958523843775e-01
1.574986443572740369e-01
1.649991322163125995e-01
1.727333002839950282e-01
1.662099573584794876e-01
1.649999060710274634e-01
1.351839117837443927e-01
1.732055316342897555e-01
1.799999744005407465e-01
1.645340374007475959e-01
1.825000052745144041e-01
1.499999999999945266e-01
1.550001849096765694e-01
1.801851804414408842e-01
1.874552832502993649e-01
1.549922327902148456e-01
1.650002727737871211e-01
1.449999695419927348e-01
1.449999997077197622e-01
1.674675096257988161e-01
1.649832867453012719e-01
1.761988786904905568e-01
1.460330484056514000e-01
1.699998936522714998e-01
1.992286061649658768e-01
1.574999729734025411e-01
1.710880903671870290e-01
1.727723654059612202e-01
1.449999720459013153e-01
1.499999998489375541e-01
1.849935258167871299e-01
1.560107305606820149e-01
1.599404184936098205e-01
1.424999999999999323e-01
1.650108660449594866e-01
1.974990907776703331e-01
1.599999970151258222e-01
1.719080738538811548e-01
1.725028432280204249e-01
1.766227520037554066e-01
1.696909781268531869e-01
1.792550939558238687e-01
1.574993487673111148e-01
2.003510953140731354e-01
1.959735172975399231e-01
1.649964588040233326e-01
1.774999999902872605e-01
1.749994173556651544e-01
1.799976510491315962e-01
1.358927630859672053e-01
1.830640878284721662e-01
1.600015909259445424e-01
1.672138674068175124e-01
1.695307469052295679e-01
1.516611855603420544e-01
1.857115650208676638e-01
1.926649427148562077e-01
1.799999999999999933e-01
1.499492306951718257e-01
1.650000000000000078e-01
1.650043716493593826e-01
1.799998778768002738e-01
1.649903744552610740e-01
1.374992526088775757e-01
1.524997887922751039e-01
1.675000487006951810e-01
1.537381374008940094e-01
1.724999999999786704e-01
1.699999895278078432e-01
1.400000000000000133e-01
1.500000000000034917e-01
1.913666756717544992e-01
1.575000322419832788e-01
1.556235276322971706e-01
1.332906999457373898e-01
1.900060726757154816e-01
1.915372605544335416e-01
1.497596901617221365e-01
1.324999999999911249e-01
1.549999999999708555e-01
1.549992896354911720e-01
1.925002616392511023e-01
1.375000000184054272e-01
1.574977748448723736e-01
1.550241562257111128e-01
1.423688788766961644e-01
1.799907112021729705e-01
1.749999999999999889e-01
1.824997595751819135e-01
1.647266077864543432e-01
1.629261027313226584e-01
1.375000010666747874e-01
1.399896371402363782e-01
1.825390092041946077e-01
1.599999984712922874e-01
1.475000000040568304e-01
1.775869621002907073e-01
1.799999999984851218e-01
1.494352992747217113e-01
1.682961018976577294e-01
1.300000000000000044e-01
1.477793372930246429e-01
1.899999292651064209e-01
1.293808962585341060e-01
1.400000000000000133e-01
1.549999999999999711e-01
1.774996099847572506e-01
1.592984910829041978e-01
1.650000000064889560e-01
1.397160217343449418e-01
1.650507404816363988e-01
1.474999999999896394e-01
1.699999539936233595e-01
2.074172418207443913e-01
1.849995578720755873e-01
1.474744176516476490e-01
1.350019751979412708e-01
1.650002145835732514e-01
1.653606615165986449e-01
1.575000000003327627e-01
1.978974781534292848e-01
1.674983080369359112e-01
1.600091499508361770e-01
1.449999999999999900e-01
1.484855321118855598e-01
1.399999980190539395e-01
1.975000000007060275e-01
1.750000000972146696e-01
1.818776888717990037e-01
1.324267421088269614e-01
1.649999999999759159e-01
1.349999999888441549e-01
1.150000000000000050e-01
1.449999507040709845e-01
1.546599212720795036e-01
1.574999999877398638e-01
1.649999949169556057e-01
1.699944619991095585e-01
1.648506525089393215e-01
1.475000000000410982e-01
1.400018337084033837e-01
1.504080533861213986e-01
1.674999999988987520e-01
1.710601150369261969e-01
1.675000189050211974e-01
1.775000001271836991e-01
1.600000000002121392e-01
1.799422960042696695e-01
1.399999872586284444e-01
1.174015060174135872e-01
1.999999998599281126e-01
1.724999650485761205e-01
1.424999999995086586e-01
1.449999999997965971e-01
1.549999980129126986e-01
1.524952853519678242e-01
1.649996832208710518e-01
1.874998911119427347e-01
1.974942667394853357e-01
1.199999999944129647e-01
1.602143237164279921e-01
1.474999527677206823e-01
1.654906957823801816e-01
1.300000000003017908e-01
1.124998307158273508e-01
1.699999975315825973e-01
1.599999894909448217e-01
1.589251540556176068e-01
1.675595606783237546e-01
1.700000017200051505e-01
1.647956442360301588e-01
1.500000000000063505e-01
1.648630087060439509e-01
2.000007767830993821e-01
1.574999881666245549e-01
1.548667510608914555e-01
1.474863310164688524e-01
1.374999999758506342e-01
1.350002522113508130e-01
1.722137291846186080e-01
1.699956756750506393e-01
1.400002228796054515e-01
1.625011989434537452e-01
1.775136614453769746e-01
1.899999943705200089e-01
1.600000473527354861e-01
1.612487254200875852e-01
1.689909831130654849e-01
1.199999995192129326e-01
1.350000000000000089e-01
1.699999997963337339e-01
1.493163037829338124e-01
1.400000000000000133e-01
1.499998842250621633e-01
1.826634945130157506e-01
1.598094261973589947e-01
1.449999678566094297e-01
1.675157359203198748e-01
1.689063849751582247e-01
1.549997952608381246e-01
1.850000078477047061e-01
1.724999619020034791e-01
1.750040437556357742e-01
1.625000036656269187e-01
1.799614138835072819e-01
1.799999999708124798e-01
1.699992661502652547e-01
1.579871445596453539e-01
1.872884355625704933e-01
1.475003108094779525e-01
1.499992491840412556e-01
1.649999862399393891e-01
1.249993197038287290e-01
1.599857961067086831e-01
1.410642078981886038e-01
1.486108822430546039e-01
1.799308912495830859e-01
1.350007857350469798e-01
1.248600669460308704e-01
1.616646548223429347e-01
1.524999989456169436e-01
1.396100807336493055e-01
1.549999996891101572e-01
1.680549383133614350e-01
1.749990583212767403e-01
1.600000000012113954e-01
1.749999999999992950e-01
1.749999999816494456e-01
1.600000000000000033e-01
1.848940929862664118e-01
1.674999998958271175e-01
1.374953962333484159e-01
1.499988676278455058e-01
1.790217596214253581e-01
1.555515994286118808e-01
1.499999227974531113e-01
1.450001699176506620e-01
1.601028431707705868e-01
1.478956927241317776e-01
1.275000078385249980e-01
1.444544442381389959e-01
1.784779535674655415e-01
1.600953805816385522e-01
1.427243896627223008e-01
1.674994723740531599e-01
1.575076632914299557e-01
1.499961032876344635e-01
1.900004104087656687e-01
1.717107307530453819e-01
1.311160352365266790e-01
1.699999932151178561e-01
1.549984172085844270e-01
1.497488369516011275e-01
1.649999997257575179e-01
1.194155888599759824e-01
1.399959152436912324e-01
1.374952318840504673e-01
1.524289653967529079e-01
1.625000002958602030e-01
1.573267150015596472e-01
1.772339276999796154e-01
1.674965913652076144e-01
1.648418388416117708e-01
1.449999999999395384e-01
1.583596270904513992e-01
1.475475519196874641e-01
1.150000000000000050e-01
1.500316075807018590e-01
1.120423331518276555e-01
1.774999999999999911e-01
1.703878931738007085e-01
1.693186949434176414e-01
1.799973316343386753e-01
1.472774959901994862e-01
1.599999999489825353e-01
1.790929843735012961e-01
1.799999999999999933e-01
1.350000000000000644e-01
1.649990392930687499e-01
1.649994495590789978e-01
1.602241285728099873e-01
1.674999997694813780e-01
1.676545695982700479e-01
1.700008240887503908e-01
1.849999999999999978e-01
1.474883177587266725e-01
1.245239481010488453e-01
1.335260252638875156e-01
1.674999999999673972e-01
1.824119868952913393e-01
1.550000000001462985e-01
1.525000020147501412e-01
1.549839338980802117e-01
1.400042383944521129e-01
1.425000000001372669e-01
1.399999999999845535e-01
1.249924297792056604e-01
1.799999999999994937e-01
1.949556912695396826e-01
1.750000007679276826e-01
1.774991916002022774e-01
1.574999409649263660e-01
1.674969334475537031e-01
1.499999996265148905e-01
1.495694392270675854e-01
1.648462727804790584e-01
1.649999927349859452e-01
1.407815386988133521e-01
1.399996649861820208e-01
1.373166052777039514e-01
1.540129814008794895e-01
1.599967902024515831e-01
1.774999996016481119e-01
1.250080200603898017e-01
1.803666993603928181e-01
1.557875522195774354e-01
1.624999999999949540e-01
2.074776109562716520e-01
1.524999999999999967e-01
1.449999977722166156e-01
1.499996239603343662e-01
1.898620243795006157e-01
1.749999999997470523e-01
1.349833024456089381e-01
1.949997734133184502e-01
1.749999999920269222e-01
1.424999989467735928e-01
1.348520909546171431e-01
1.450479089601398874e-01
1.849999999998019062e-01
1.437633701688951215e-01
1.574331472624134476e-01
1.303676652006565961e-01
1.672353966476001763e-01
1.373664157555232745e-01
1.450000057727186820e-01
1.574999985644576772e-01
1.669748718736021043e-01
1.374999990428352470e-01
1.897703689972991270e-01
1.499910675021146333e-01
1.499999994422635541e-01
1.799999997766030535e-01
1.674999696962962137e-01
1.600005731570122713e-01
1.445755293649098883e-01
1.749999998697637782e-01
1.799999205648636913e-01
1.327465306289197511e-01
1.175001378823634784e-01
1.500011876610081729e-01
1.274775580535251751e-01
1.896712484602377513e-01
1.500000000001861789e-01
1.483643535285652515e-01
1.824982572088010013e-01
1.536171741978004657e-01
1.681738205195994484e-01
1.349988721063246078e-01
1.325064538626505029e-01
1.531430832594844749e-01
1.474978683613978325e-01
1.674903558006412274e-01
1.325000005230591027e-01
1.624961409940071655e-01
1.574999361447687318e-01
1.597101839256227784e-01
1.250000240773460614e-01
1.574999994518366253e-01
1.499999999999999944e-01
1.405065651892280221e-01
1.425579519889178248e-01
1.425000419855568246e-01
1.824999999999999956e-01
1.449037589211500110e-01
1.375000818126088931e-01
1.349997889483474378e-01
1.549999999999999989e-01
1.549512157459629613e-01
1.375413844740437652e-01
1.497654828912391989e-01
1.425000000000004041e-01
1.301119309783536071e-01
1.425000303683668090e-01
1.349999999999190736e-01
1.541185757077889185e-01
1.300002145673683773e-01
1.382144224811610311e-01
1.613994358335101298e-01
1.499999999980992926e-01
1.793466336577375919e-01
1.383678161493640812e-01
1.775866607479090198e-01
1.825021064818000416e-01
1.750011816067284509e-01
1.749958280860045012e-01
1.550099650474706103e-01
1.625000058339823583e-01
1.599999921644462419e-01
1.367377100699136150e-01
1.513140782254376870e-01
1.225003247844551474e-01
1.474999939426701601e-01
1.700000434921994652e-01
1.400000000000030942e-01
1.775000000009039069e-01
1.749540195921029107e-01
1.524999999999393230e-01
1.749999999999999889e-01
1.650000000000000078e-01
1.785653498897984137e-01
1.752272622550454795e-01
1.725000012642035341e-01
1.649999833658936099e-01
1.228046192353972055e-01
1.699999898563949452e-01
1.674905419890702074e-01
1.574994016593740387e-01
1.449997348108612583e-01
1.298157136351490715e-01
1.650003408863470744e-01
1.580871353462429685e-01
1.500099219028195874e-01
1.292726018840072433e-01
1.450000000074669892e-01
1.699867345698594101e-01
9.999997026650923881e-02
1.625007052868839286e-01
1.349997559202477382e-01
1.549991795806857919e-01
1.323415476776861055e-01
1.624025092574536422e-01
1.549010508717388324e-01
2.022815238409811922e-01
1.540010127950124652e-01
1.533212312240397335e-01
1.499999926651153226e-01
1.299387879657800116e-01
1.701067019158616356e-01
1.950156339897091973e-01
1.597081624326119609e-01
1.605400581816794903e-01
1.446028568171996431e-01
1.349992142989916155e-01
1.706454383797215979e-01
1.524999992335382137e-01
1.424514445990318068e-01
1.425013988766979378e-01
1.475001822207540336e-01
1.473120260822618488e-01
1.382423149056635214e-01
1.365731134151716708e-01
1.350000962461076204e-01
1.724999995434080557e-01
1.424435171248512044e-01
1.349999995756359095e-01
1.424999999999999878e-01
1.499998583654081619e-01
1.799999999902127945e-01
1.699995843301482235e-01
1.749999999999999889e-01
1.274836059736013383e-01
1.854584865931118154e-01
1.149999998515757738e-01
1.299991007449307068e-01
1.811255119515479406e-01
1.362930494863099085e-01
1.349602206089759449e-01
1.474950519598799970e-01
1.225362820023832983e-01
1.199999999999999956e-01
1.550014227849247084e-01
1.174999850840597604e-01
1.699478902499936273e-01
1.524987894772393271e-01
1.499999999922751459e-01
1.332312616100373714e-01
1.296597571368516277e-01
1.273945787544602248e-01
1.649994186048101830e-01
1.250000000818499157e-01
1.199999999999999956e-01
1.349962794234802477e-01
1.675000000749271301e-01
1.674999599775676973e-01
1.399999999999998468e-01
1.349999999983363397e-01
1.300010914767880665e-01
1.667352252067228202e-01
1.499993677002214865e-01
1.402574004042449751e-01
1.397778474579508823e-01
1.349999999999999811e-01
1.049999619384694438e-01
1.470983909336712747e-01
1.600000090986529178e-01
1.599994763465177328e-01
1.399999992078133360e-01
1.674999999657668937e-01
1.349988459991137146e-01
1.319543888012604527e-01
1.397157081480921437e-01
1.422444559826213095e-01
1.299999994856403385e-01
1.675012796114737079e-01
1.424995793729205151e-01
1.299999999999190414e-01
1.650004845959042732e-01
1.324999999934933781e-01
1.324999990096493996e-01
1.782611703930845615e-01
1.369373793985062815e-01
1.399999999679551743e-01
1.667863592319526467e-01
1.112688175400615292e-01
1.441068746426751868e-01
1.724997450556697565e-01
1.174999998630435610e-01
1.564830700318131373e-01
1.175340059626642092e-01
1.563015269813667618e-01
1.700169914902700807e-01
1.080224210613511121e-01
1.374910244306243590e-01
1.348056155451546334e-01
1.799999994751365073e-01
1.399999999999720912e-01
1.496899929287299480e-01
1.999997841770571327e-01
1.607491768699866597e-01
1.524999999989248012e-01
1.399999999993412070e-01
1.701362244641042298e-01
1.325000000000000067e-01
1.724997408702320378e-01
1.424964877834886123e-01
1.425003742602375389e-01
1.749999999999999889e-01
1.500000839051301438e-01
1.450065470855211591e-01
1.324999999999897371e-01
1.425124243418531000e-01
1.650000000531436917e-01
1.398072435360573351e-01
1.499999999611010826e-01
1.488717286431752440e-01
1.699999983548764193e-01
1.448827149225532795e-01
1.899730739090272624e-01
1.599999982287600431e-01
1.100000000000000006e-01
1.699935633497717535e-01
1.549999999999999989e-01
1.850000007341240926e-01
1.448889632400141569e-01
1.450017843667544826e-01
1.376949172404476895e-01
1.527702716041920428e-01
1.449940003701754854e-01
1.250000201242492948e-01
1.348107812859249965e-01
1.125000484661109468e-01
1.250048881689318214e-01
1.247131420383040395e-01
1.624999974665276847e-01
1.341854496668557495e-01
1.425004742296881177e-01
1.275899818900892158e-01
1.462119622509588379e-01
1.351992499234468403e-01
1.540923236872536739e-01
1.249147566122673497e-01
1.525608986491062691e-01
1.678470898699888358e-01
1.549736620910713014e-01
1.496841008683106045e-01
1.504949689487637132e-01
1.249899854133865590e-01
1.424999999532743367e-01
1.712196981640831117e-01
1.424064640100741463e-01
1.249988610143106249e-01
1.755533188597864502e-01
1.499990287522729171e-01
1.473391289782307600e-01
1.399570439019598433e-01
1.549999999999992495e-01
1.801493162127039138e-01
1.324999999995456756e-01
1.231971846970872225e-01
1.224983583029769091e-01
1.476191804155194687e-01
1.848375784910641917e-01
1.225969770098607053e-01
1.199995110906618145e-01
1.514418570246481299e-01
1.286663228262753811e-01
1.999999999999998168e-01
1.749995719200143074e-01
1.611984532634544165e-01
1.608547858802467923e-01
1.650000000000000078e-01
1.374893900912373401e-01
1.233135480422136721e-01
1.447798950467598100e-01
1.650000000000043932e-01
1.470578310934734512e-01
1.633455107619828928e-01
1.274836176691974410e-01
1.678306871643137910e-01
1.400000202509065206e-01
1.537722947439709442e-01
1.755894178508371206e-01
1.299999999997109024e-01
1.599999948399937200e-01
1.649582961169815121e-01
1.349908614590792366e-01
1.499981007833368352e-01
1.699426441520036357e-01
1.404810432527038577e-01
1.199983452857404514e-01
1.049999999999999961e-01
1.693384710362552670e-01
1.474393209677995475e-01
1.849999999464762845e-01
1.425011497913802605e-01
1.488720800922982146e-01
1.225324491858545556e-01
1.500000000001904255e-01
9.499998915029872482e-02
1.300000002371175800e-01
1.450000000033429548e-01
1.299999995038851053e-01
1.699480554584261449e-01
1.150001818507410817e-01
1.523942493522223440e-01
1.424999999815629304e-01
9.500000000000000111e-02
1.146153842002298751e-01
1.325000000000000067e-01
1.699999999999983746e-01
1.049999999999999961e-01
1.324799588530313765e-01
1.675001514625441557e-01
1.299826936366691443e-01
1.199999999490521385e-01
1.722972280693831348e-01
1.550000006615936954e-01
1.650000013267548804e-01
1.199456954678585485e-01
1.524999999999999967e-01
1.499999999999975520e-01
1.544584394960837048e-01
1.225000001300647345e-01
1.348610872630127966e-01
1.549877889030074063e-01
1.643623344173740231e-01
1.500000000000318301e-01
1.450611050389332968e-01
1.488128584139102040e-01
1.240849320849174847e-01
1.549999999961620689e-01
1.649920461034518060e-01
1.499982587655256938e-01
1.893851916602607710e-01
1.198061903095554853e-01
1.247227930624770359e-01
1.524999804001547221e-01
1.394387703395497669e-01
1.374999997759521753e-01
1.599974780947381048e-01
1.355481125074336213e-01
1.251103230354758955e-01
1.609033185256487919e-01
1.324998186719278936e-01
1.499999999999999944e-01
1.249129723463190816e-01
1.411387117108982847e-01
1.349956773237426799e-01
1.491505195715754073e-01
1.199982289741206298e-01
1.399999999895279734e-01
1.602063585648764998e-01
1.287003534727209075e-01
1.559974571814715383e-01
1.324191874998042473e-01
1.450000003297512441e-01
1.174999972913120944e-01
1.424999295345921180e-01
1.675000000464246241e-01
1.399641451137530745e-01
1.174153359160761967e-01
1.400000317812733763e-01
1.274702001711177923e-01
1.449999989282647339e-01
1.800001046402131544e-01
1.748036347248067834e-01
1.499943557810658745e-01
1.216335391667495158e-01
1.524999999998388756e-01
1.481697317950328718e-01
1.724999978598996397e-01
1.274999999995658218e-01
1.274760057128680180e-01
1.549999875883882050e-01
1.400000001947510897e-01
1.258709974460950343e-01
1.649178086546359279e-01
1.276214194553381143e-01
1.374999999999817479e-01
1.249851604007403277e-01
1.442025558023994347e-01
1.349999999949635376e-01
1.671283156641973633e-01
1.317807533291860678e-01
1.674664909037682781e-01
1.324469243067323831e-01
1.273842614290783271e-01
1.400014166394825399e-01
1.569978427938208965e-01
1.274965259413397556e-01
1.674999271236656262e-01
1.173931472368210660e-01
1.524999983285561800e-01
1.394016844043962366e-01
1.649996201336199342e-01
1.424987395302384496e-01
1.524680632316841866e-01
1.500089362102197676e-01
1.100000000002549633e-01
1.425000000000218592e-01
1.049999633995711140e-01
1.399263005938331528e-01
1.274771609070201872e-01
1.242695057266588604e-01
1.473556783599921649e-01
1.448992217666671689e-01
1.351132310330417363e-01
1.349975423662531093e-01
1.601209864380472581e-01
1.199936270318889692e-01
1.546459881417913407e-01
1.424999999999939648e-01
1.052780901840828232e-01
1.300470742300895155e-01
1.225950269157014133e-01
1.374999999999985678e-01
1.048435472564767379e-01
1.499987969446995306e-01
1.150000000000000050e-01
1.220251549256249762e-01
1.558336689729744040e-01
1.474999976434261950e-01
1.045214335460163402e-01
1.524995261212847009e-01
1.476734178500083150e-01
1.236654526587987191e-01
1.349614345450164399e-01
1.525705490069709513e-01
1.507370840599474293e-01
1.454684710483202248e-01
1.199999999478566087e-01
1.199999999999999956e-01
9.999962034685318246e-02
1.049999999999999961e-01
1.207126629931399853e-01
1.201261110732776277e-01
1.524999999999887557e-01
1.435734112085061964e-01
1.450000213545736549e-01
9.498455361175153766e-02
1.449999381558494949e-01
1.197832494878655063e-01
1.374992515423628936e-01
1.089401368447184548e-01
1.314113548826265077e-01
1.149999999999998801e-01
1.274946449130041348e-01
1.599999993486900529e-01
1.399994440331354395e-01
1.425109421205194848e-01
1.424038228523035465e-01
1.150000004190933622e-01
1.499999887781041652e-01
1.274577395388201972e-01
1.249635993220201552e-01
1.674999926265512418e-01
1.225259735791286025e-01
1.399999998161592651e-01
1.125000000319473503e-01
1.221577652130261399e-01
1.374999999999808042e-01
1.099999999934760803e-01
1.525097279292814689e-01
1.124999999999907463e-01
1.366076152732868254e-01
1.224999987390860967e-01
1.673641589525286522e-01
1.350128441509621247e-01
1.299690494641362326e-01
9.999998650705163583e-02
1.424999999999999600e-01
1.275000000000261757e-01
1.200347667745670921e-01
1.036797411820576664e-01
1.325330085494166865e-01
1.499999909803254039e-01
1.499999697714153590e-01
1.399999999693417319e-01
1.424936147857256696e-01
1.150000000000000050e-01
1.524006895821944929e-01
1.249989937441708526e-01
1.476570853319292553e-01
1.450000000000080946e-01
9.499999427761704474e-02
1.266106015699281773e-01
1.132576085357756279e-01
1.199999949570521862e-01
1.498644066910591599e-01
9.249999689557350524e-02
1.349999937071632850e-01
1.499996645770138581e-01
1.267348704445996899e-01
1.074999191410971333e-01
1.799914935474556110e-01
1.500000000004546863e-01
1.374999994686498528e-01
1.582297716279994493e-01
1.749999998737872819e-01
1.524999957833937103e-01
1.306612816464175486e-01
1.274980936296930822e-01
1.199094574956638404e-01
1.474999986023980691e-01
1.364840638542136608e-01
1.174999977627314285e-01
1.260939168267918298e-01
1.525000007414344105e-01
1.124999995942003450e-01
1.000000000004505063e-01
1.624853384480252627e-01
1.592431905646035928e-01
1.375000000435866176e-01
1.226378278465896227e-01
1.299911136546628154e-01
1.350130643698325694e-01
1.478254928024286263e-01
1.399922188836819625e-01
1.274999997936675233e-01
1.348714592484471508e-01
9.749999963971181516e-02
1.015955856791314615e-01
1.348348386757469153e-01
1.700258397530207966e-01
1.475021641155606078e-01
1.624999992205235777e-01
1.425000000071686701e-01
1.350001205496986489e-01
1.342954335546112654e-01
1.524999991411215283e-01
1.249999985398195096e-01
1.547567250737799383e-01
1.300112697443406573e-01
1.499999737961929536e-01
1.400000000128198141e-01
1.399999966665449735e-01
1.349870501769237785e-01
1.374999999981520449e-01
1.450297526384308200e-01
1.699967810611421604e-01
1.451011470223687316e-01
1.300375097938760716e-01
1.375166176156765174e-01
1.424999999867921363e-01
1.522051801914741653e-01
1.349676894661086812e-01
1.201438045001136656e-01
1.550020936259737248e-01
1.124999999385596916e-01
1.299743839395978151e-01
1.350020653015426841e-01
1.124999995310856510e-01
1.525006052135277346e-01
8.548727304010460271e-02
1.107326880789603618e-01
1.299982477881080900e-01
1.375058928967456129e-01
1.410510732331021200e-01
1.322356761006124037e-01
1.174999908614435262e-01
1.149915511472217183e-01
1.200015962597838354e-01
1.570210871247990359e-01
1.249366149038289436e-01
1.374996634927833361e-01
1.175000004535212000e-01
1.265438653252710655e-01
1.449992236292939884e-01
1.124999945037488819e-01
8.749480632465138352e-02
1.537195642724810685e-01
1.174999996415531933e-01
1.547662097098059519e-01
1.427994929418366366e-01
1.405438585178006849e-01
1.125000000000068029e-01
1.499999999999999944e-01
1.115000751806642237e-01
1.199999999999992600e-01
1.174999999999995770e-01
1.499999999999999944e-01
1.025000000237089870e-01
1.449892788497399443e-01
1.571391289026266014e-01
1.249997174937373667e-01
1.449999976617416531e-01
1.368227225836354810e-01
9.999999999999992228e-02
1.325029827769402535e-01
1.024999999999996608e-01
1.434466416919358001e-01
1.485880844980543569e-01
1.359635333724630857e-01
1.375001442843559740e-01
1.250000000000021649e-01
1.174999997614884217e-01
1.236386682327691167e-01
1.249743216409762298e-01
1.399326857349067477e-01
1.272028636022930481e-01
1.249996023579876547e-01
1.149999800831692925e-01
1.502034186548918127e-01
1.650018547486624965e-01
1.249990347727404361e-01
9.000000001261834748e-02
1.499837905301809604e-01
1.349312594387096775e-01
1.499998741726402685e-01
1.250000000000000000e-01
1.222850711929879125e-01
1.197625563645545316e-01
1.472240304796840205e-01
1.374910603918135521e-01
1.325000589219052227e-01
1.501742843226030466e-01
1.124999992568183615e-01
1.175000000005526207e-01
9.499039102706932636e-02
1.100000178790408595e-01
1.050040230377322081e-01
1.110558996413460453e-01
1.215413798671838574e-01
1.250086655426090876e-01
8.749915703724790716e-02
1.522749250714575120e-01
1.196363881664008200e-01
1.351782181696508933e-01
9.819251469746941019e-02
1.099410047664509810e-01
1.293263787319278157e-01
1.247410633150972392e-01
1.374999998212713126e-01
1.263858086370653611e-01
1.374995645100969832e-01
1.300000000042758064e-01
1.326453596629149079e-01
1.473382464366624900e-01
1.224487021621660093e-01
1.341034195311390786e-01
1.341948814080367591e-01
1.399541445102093773e-01
1.124999254804798510e-01
1.049999598517665916e-01
1.148236662109744510e-01
1.095065927568616149e-01
1.174685604700902858e-01
1.474960548527537718e-01
1.008294158266937746e-01
1.647344252022732991e-01
9.999999999998621103e-02
1.171973392020830423e-01
1.476091961850958534e-01
1.253198246541455674e-01
1.194301533452176572e-01
1.300236735360913165e-01
1.150859268191812279e-01
8.489216114999102725e-02
1.174991007391145287e-01
1.574900463303187947e-01
1.442452774386636938e-01
1.183199011075386081e-01
1.227380006228412784e-01
1.098143346825934674e-01
1.406008830982295454e-01
1.292339155796004557e-01
1.412383115022553259e-01
8.749209545214652051e-02
1.275000000118967358e-01
1.321426106393774891e-01
1.074799386712619875e-01
1.200003486513337991e-01
1.494887579788633791e-01
1.209645428754613228e-01
1.150612873134028852e-01
1.299999999999888745e-01
1.208601739163092798e-01
1.374963172774736897e-01
1.300018116934430756e-01
1.122687071902962186e-01
1.199972183682522231e-01
1.254124677447862879e-01
1.324991662882815113e-01
1.352813238250609174e-01
1.255768062570858934e-01
1.100000237706566936e-01
1.133884085833727073e-01
9.500000000000000111e-02
1.250000051660474232e-01
1.349998096548086501e-01
1.049978779186912931e-01
1.263630834855767604e-01
1.249999942901905414e-01
1.351126510379206114e-01
1.049999999712975668e-01
1.420905941367626713e-01
1.350000001909724412e-01
1.575544492494222737e-01
1.091547990200203988e-01
1.175000046678839616e-01
1.348904053042016549e-01
1.424999518667129650e-01
1.100000000011268492e-01
1.074999999380411297e-01
9.499999999986324939e-02
1.455405603242531098e-01
1.424967549727035876e-01
1.396458322594384682e-01
1.133755793792766420e-01
1.224999728724023434e-01
1.319253443421904981e-01
1.450246304433818467e-01
1.300000899195188631e-01
1.354444568743456423e-01
1.300347006816167383e-01
8.999999778734123212e-02
1.313151154803354759e-01
1.181155295866052612e-01
1.349931223102515121e-01
9.963899998484589127e-02
1.274998626743638619e-01
1.024890059184885710e-01
1.225000000036797626e-01
1.350054088222125692e-01
1.499999913343173230e-01
1.123957047194855674e-01
1.225000304607676976e-01
1.410737698331099021e-01
1.074988600955713441e-01
1.350632381417943839e-01
9.500002297243088922e-02
1.323008252738742674e-01
1.149915557842293573e-01
1.399961917696399272e-01
1.050013940963978182e-01
1.349914108392949175e-01
1.224999171955888089e-01
1.122291227866973884e-01
1.524999999893297542e-01
1.425019890313996285e-01
1.124999973051175883e-01
1.132141974643619819e-01
1.500491045230811227e-01
1.299999991494994456e-01
1.144935963744895119e-01
1.152125435470205128e-01
1.324613865357208431e-01
7.999953958017681777e-02
1.199849256148064619e-01
1.525000209444823118e-01
1.349999999761734848e-01
1.451478720037477910e-01
1.074797083573625772e-01
1.149996127837424331e-01
1.289010911766065026e-01
1.449962498148777701e-01
9.999908477971038157e-02
1.056760953957653210e-01
1.424144730879996212e-01
1.074999068108671574e-01
1.099428865334296096e-01
1.249963820116774676e-01
1.000000000000000056e-01
1.549999279555945852e-01
1.150000000000887118e-01
1.058791325835413688e-01
9.962891960067978003e-02
1.194757895081361571e-01
1.026968957226470774e-01
1.587661361661376891e-01
1.475012601454327166e-01
1.425000000019430446e-01
1.287392599355944856e-01
1.150339420278129465e-01
1.249998515468047217e-01
1.397375488373109875e-01
1.374965882662796124e-01
1.199999975277677294e-01
1.200000123554009479e-01
1.000895219978398948e-01
1.046044303072374004e-01
1.289259636061025616e-01
1.049999959952917922e-01
1.249964604379692479e-01
1.124034030558273001e-01
1.299999999014073704e-01
8.750871322599197699e-02
1.054075000110460958e-01
1.224732282987452681e-01
1.224999289539093900e-01
1.287825369601750258e-01
9.999993053306738267e-02
1.251730171064368013e-01
1.550000404773335394e-01
1.099999999999813488e-01
1.081889901765303308e-01
1.349998759796098013e-01
1.224999551201532699e-01
9.252003311108496220e-02
9.306768320190177135e-02
1.200000035168832802e-01
1.503735952305280399e-01
1.125000109990238056e-01
1.375586728641502166e-01
8.664136075964670725e-02
1.399993001171436768e-01
1.449773688162799279e-01
1.136132657761556447e-01
1.243826851627242297e-01
1.174999999994331829e-01
1.391439881464156536e-01
1.124088490459394102e-01
1.033384369760870641e-01
1.449888945601603973e-01
1.274996040174389000e-01
9.254461386456613869e-02
1.074999854307598507e-01
1.249999999999776568e-01
1.074998349480103393e-01
1.421875985836464629e-01
1.574994998391666401e-01
9.750000005257936087e-02
1.493588569336065930e-01
8.749999999999999445e-02
1.049999999999999961e-01
1.145623846290106801e-01
1.349999999480017143e-01
1.174710623078014105e-01
1.464412631504911633e-01
6.826445589728771801e-02
1.124997352384206062e-01
1.405488146896740898e-01
1.419155371358139794e-01
9.492953358926901897e-02
1.225109703378153420e-01
1.261269776402246245e-01
1.189313446306079630e-01
1.026575005947020780e-01
9.500000000302995240e-02
1.374859389599456805e-01
1.124978221317942534e-01
1.627677597206418636e-01
1.150038777238151372e-01
1.249999998721910144e-01
1.074995805516758551e-01
1.122771985814550316e-01
1.299921718521241387e-01
1.224999999999984018e-01
1.188191821343934362e-01
1.299150356491907965e-01
1.146108614164445816e-01
1.325005239115500111e-01
1.124990158346430985e-01
1.199999999999999956e-01
9.500000000000000111e-02
1.223547446579984627e-01
9.750000004794756592e-02
1.187364401628738381e-01
1.199999995715530371e-01
9.759495642604033849e-02
1.449999999993700772e-01
1.299999999979652987e-01
1.149999999972028258e-01
1.147879420103548598e-01
9.749999999861130862e-02
1.118249627024596599e-01
1.199999258310353173e-01
1.125001649715040158e-01
1.049647627126314986e-01
1.061841205686698819e-01
1.302103893729155970e-01
1.274998593443943395e-01
1.324999877415190819e-01
9.716571944594226684e-02
1.749425172500126968e-01
1.249997932421415547e-01
1.174999112049256167e-01
1.101394586430476941e-01
1.112428328508201641e-01
1.156069722753833989e-01
1.463105927468535405e-01
8.523446230310603722e-02
8.500000000000000611e-02
1.498887289870885486e-01
1.298708325921048568e-01
8.499999888620859978e-02
1.199999994441121182e-01
1.124999769469884614e-01
9.999991491795930110e-02
8.499999326509516395e-02
9.001093389020836666e-02
1.249479023189747490e-01
1.450010661475545359e-01
9.499999999985517252e-02
1.145419819919709092e-01
1.075220284605430954e-01
1.000303848361728254e-01
1.193793948722552956e-01
1.174998858301960630e-01
1.224999999985174892e-01
1.129252730759990053e-01
1.474999999999999645e-01
1.199998359999271125e-01
1.275025886172433676e-01
8.000000000000000167e-02
9.946276923013890048e-02
1.200023955057501340e-01
1.149997022059069951e-01
1.174363519537618694e-01
1.290325689040612012e-01
1.103727086163592275e-01
9.500000000000000111e-02
1.174701403794212173e-01
1.075004899784908763e-01
9.392481378246125834e-02
1.199999967843024262e-01
1.250000000000000000e-01
1.199998629493023855e-01
1.099132321835678688e-01
1.195186848496160859e-01
1.301961196800222598e-01
1.475032716339215455e-01
1.074992944356730207e-01
1.174980387631919115e-01
1.133273022796074531e-01
1.175397786875759798e-01
1.175000000055767685e-01
1.347981336131171548e-01
1.184767893976660103e-01
1.349023331986533292e-01
1.199999991692724949e-01
1.374999999662979144e-01
1.595991421850784520e-01
1.324998001118432023e-01
9.728050307134239461e-02
9.999999999999982514e-02
1.224610035571458838e-01
1.049999927509758235e-01
1.153844545222090373e-01
1.024098847763456610e-01
1.374999999999994005e-01
1.198048761410348967e-01
1.333818335916947262e-01
1.099999774682938747e-01
1.199999999999999956e-01
1.033501552874335760e-01
1.399923395802982473e-01
1.361302121440215729e-01
9.476781638203775338e-02
8.499999999985499710e-02
1.046414803763638379e-01
1.109575811911513860e-01
9.006563072214762711e-02
9.499999984463622371e-02
1.011605430999722027e-01
1.302665632012462715e-01
1.182626908790134490e-01
1.274986660452415155e-01
1.150000003766664253e-01
1.249999999995846101e-01
1.350000003223302547e-01
1.224848046008244346e-01
1.175019372341028073e-01
1.000005640887713931e-01
9.749999921924558388e-02
1.228995142880458108e-01
9.822214490912478668e-02
1.002566696947406327e-01
1.025413225901771475e-01
9.749891039458097319e-02
1.249999999999999861e-01
9.873362733025466131e-02
1.400037088399668506e-01
1.297926401360548765e-01
1.051351233324872292e-01
1.274999999999997802e-01
7.250082494724460758e-02
1.099999989112057930e-01
1.199992456047856426e-01
1.292974254654477850e-01
1.349999999990399158e-01
1.075142144557198476e-01
1.223027473699751372e-01
1.227307262972947288e-01
1.024999999998121719e-01
9.999292778622340117e-02
1.074995932252650749e-01
9.249999999999999889e-02
9.250000015652024010e-02
1.074993094249290376e-01
1.499999999994888200e-01
1.099999999998061834e-01
1.404596341576260787e-01
1.299999739236910312e-01
1.049998241239479962e-01
9.749827214742029513e-02
1.049999999999992883e-01
1.135491510969231232e-01
1.224999905677005285e-01
1.196667899033207610e-01
6.249998507515661106e-02
1.531415679154357057e-01
1.251907447227921799e-01
1.473603693833847039e-01
8.669033381684941586e-02
1.124877550606333404e-01
9.251053586500117276e-02
1.299999998734716056e-01
1.275003005672483425e-01
1.099999999263717027e-01
1.316550465146202609e-01
1.159068532906791099e-01
1.048632770225160077e-01
1.222856644380545116e-01
1.200000000010628676e-01
1.050000227926426860e-01
1.104433405733693252e-01
8.999999999999999667e-02
1.349977072810887302e-01
9.500000000000000111e-02
1.230806687901188773e-01
1.074999999999554784e-01
8.000129474209932701e-02
7.431495885636994758e-02
1.322717930672542286e-01
1.186147076903259073e-01
1.175000018422131670e-01
1.024849434445627289e-01
1.174936470538400363e-01
1.199547209216087207e-01
1.264250687339650570e-01
1.124999997923993578e-01
1.027226568759463665e-01
1.351491703491411733e-01
1.163958599387225068e-01
7.750000000017071011e-02
1.049999999991344107e-01
8.569666827644221996e-02
1.175002325714527840e-01
1.324809431534249848e-01
1.424999999540083329e-01
6.243881358672636467e-02
1.025654553460934315e-01
1.500045002538969718e-01
1.499999948648986225e-01
9.246808485365227981e-02
1.151909829899354781e-01
1.237748497737787834e-01
1.225000007669477670e-01
7.966488754209404000e-02
1.925100314387945821e-01
8.515460390039696070e-02
1.199436503098864348e-01
1.350062589519621381e-01
8.752271086819948809e-02
9.999999995386360530e-02
1.024171395598046236e-01
7.253582378039556688e-02
8.999999510981644690e-02
8.750000000001056932e-02
9.999999360051443908e-02
1.199999054881097788e-01
1.145327975339313631e-01
1.200230107004212898e-01
1.311858016345876510e-01
8.909122939004215924e-02
1.249999987849708255e-01
7.487226841067545768e-02
8.963927599671162039e-02
1.149999999853076049e-01
7.749858297524675477e-02
9.260208761419143342e-02
1.049999583045745088e-01
9.995348198180384336e-02
9.749999999985621557e-02
9.780596175431599537e-02
1.033280612188407915e-01
7.707248014174332418e-02
8.053167705159398893e-02
1.149438459305364840e-01
1.075000201588480198e-01
1.074999981113172048e-01
1.220905406644191143e-01
9.745083123366551914e-02
1.074999999999933092e-01
1.049999995064864328e-01
8.000000000000000167e-02
1.628352879060246672e-01
7.498921009556157313e-02
9.755948421954663274e-02
1.074999999968712788e-01
1.049952885637050193e-01
1.118138499821897391e-01
7.500000000000003886e-02
1.132140684500947958e-01
1.199111052095693380e-01
1.124999899951882876e-01
1.149999999962423164e-01
7.999994914754422759e-02
1.049995387559205934e-01
1.125474760160502519e-01
9.500000038475345243e-02
1.305525044376597277e-01
1.149993352904388061e-01
1.049989226229094408e-01
1.249999981998642790e-01
8.000000000000000167e-02
1.023522956076055312e-01
1.025000000180311954e-01
1.171557905550654893e-01
1.049955173517401058e-01
1.049894683838858700e-01
1.299999994041331208e-01
8.432303713337283013e-02
1.149647214607655010e-01
8.999999992276525029e-02
1.149999999974982839e-01
9.750000078528385516e-02
1.150056007476875641e-01
1.274310013380955953e-01
7.500000048545850395e-02
8.001962408238486035e-02
1.074998916335757893e-01
7.724932379215443401e-02
8.961936102698969675e-02
1.074768583207535294e-01
1.099999321238540884e-01
1.099396407949600613e-01
9.250279957515292195e-02
9.499996750113448574e-02
9.499999996087087062e-02
1.309618334303455367e-01
1.249999945797321682e-01
1.050003888156421927e-01
1.249724027848239105e-01
1.176926186948319547e-01
1.324690084221616937e-01
1.174911572202804733e-01
8.999629667110470299e-02
9.999999401899062335e-02
7.249993485109045011e-02
6.749999999994706068e-02
8.534620893341753056e-02
1.199999999999999956e-01
9.801060389534668738e-02
1.290932453127130730e-01
8.999928334565535093e-02
1.074999980813774736e-01
7.250011259485159010e-02
1.100917789437809852e-01
1.375002620351816751e-01
9.134872895807795434e-02
1.053320732634415308e-01
1.124795713560117622e-01
1.049997791340090969e-01
1.200516952283900846e-01
8.499999999147433982e-02
1.224990207204526144e-01
1.159377902925055326e-01
8.250000000000000389e-02
1.299519398563727945e-01
1.148955912177352101e-01
1.260517633150426142e-01
9.748369899553706308e-02
1.049999993926229863e-01
1.369957958332967685e-01
1.200032601633117535e-01
1.124998247228553433e-01
9.447900866780806206e-02
9.249998531193576179e-02
9.745044110574654916e-02
1.122903532554390682e-01
1.086438526957607953e-01
1.125671112770679771e-01
1.099999760651780012e-01
9.750000000764356967e-02
8.760294801684502530e-02
1.370194411481530372e-01
1.125000539313148612e-01
1.077027116626912695e-01
1.049992758026504769e-01
8.750000000008519019e-02
1.075223992374892690e-01
5.999999999999999778e-02
9.000010387935467038e-02
8.471376971069273509e-02
7.249997138360274318e-02
7.270343875395370026e-02
1.099999998208428670e-01
9.576494513530593722e-02
9.996175844317256587e-02
1.049999999911090526e-01
8.749283728997771237e-02
1.300073701604414766e-01
1.100000000000000006e-01
1.053812738211875877e-01
9.998307889747191923e-02
1.124996464327310680e-01
9.003115094991176459e-02
1.424999967617374685e-01
8.499999231557696378e-02
9.207843815059799097e-02
1.117603931057669781e-01
1.474890259023409755e-01
1.149958425796238498e-01
8.999999999999999667e-02
1.099999999990299848e-01
1.049999999999999961e-01
1.074996955198649767e-01
1.020438727593533240e-01
1.524999955255639528e-01
1.226208311363598535e-01
8.132087219739179973e-02
9.747252622023024060e-02
9.505456986158772326e-02
1.348676874996132258e-01
1.154526557381885116e-01
6.008208972010468246e-02
8.249999769703801611e-02
8.637565311886045982e-02
1.050000297240172575e-01
1.124815451981477088e-01
1.353978475870507847e-01
8.750843135169188158e-02
8.996515803032512082e-02
9.647289800262223713e-02
1.049999176548279678e-01
8.499857239968894307e-02
1.124998907407189497e-01
8.000000000000011269e-02
1.049942151885560615e-01
9.999990514553859511e-02
7.498167899456163743e-02
7.496871322949329175e-02
9.749999993623380268e-02
1.147152513015620434e-01
1.224999999950478757e-01
1.150184546639025501e-01
1.074999999985616073e-01
8.006267620622058157e-02
1.125182898694462308e-01
8.249999999535649609e-02
9.498408629558903471e-02
1.275013102981066571e-01
1.091923809816215535e-01
8.749999999992780220e-02
9.459881364928608705e-02
8.750093594384064644e-02
4.500000479540727100e-02
1.072171187514498886e-01
7.749869484443933088e-02
9.501027040891184272e-02
1.049983139537462168e-01
1.649999999091224800e-01
4.999081730661744660e-02
5.500000000000000028e-02
8.254129929252794484e-02
8.499999115831315122e-02
1.149760996846867639e-01
1.174999999910896903e-01
9.500000000000000111e-02
1.099759325043002944e-01
1.450000000922951060e-01
1.173871998931150518e-01
8.338652725508108321e-02
1.024999999992383670e-01
1.249999760684520761e-01
9.499999998644934052e-02
9.999999968922422544e-02
1.250000017926679030e-01
9.500000000000220768e-02
9.500730892693741436e-02
8.499999999993129718e-02
8.496712540990605800e-02
9.249999999700937725e-02
9.499988162930289581e-02
1.199320102605463262e-01
1.070095888354296171e-01
7.948418452085470598e-02
1.124964915834184981e-01
1.225043652928325955e-01
8.379527519582008477e-02
9.750000000963844615e-02
5.845558342851681077e-02
1.049925611806883236e-01
1.000000004845038870e-01
6.999999999999996503e-02
6.999992652222611356e-02
1.172797968678271907e-01
1.024995312101789624e-01
1.024910119791609675e-01
1.000000000595779731e-01
1.049998467316244771e-01
8.249999994055040586e-02
9.999996368642133371e-02
7.757988266092719076e-02
1.199999999999999956e-01
9.984915700826474394e-02
9.487945757750736175e-02
7.500001407743296655e-02
8.242671739909532280e-02
1.149998300199876478e-01
7.500000965878850234e-02
4.249791351925222282e-02
6.489591683767109709e-02
7.489100880252942682e-02
5.000167359276357082e-02
9.170427318308864428e-02
9.249999087113454366e-02
9.000002394549549978e-02
1.075000000257797378e-01
1.121328285000620234e-01
7.749999999999999944e-02
1.099789394167779433e-01
9.374018727327955436e-02
1.118422966791973866e-01
9.253095718024255401e-02
8.944509198963819518e-02
4.749999999930551442e-02
2.828590884094168978e-02
7.249999999968671782e-02
6.749999992960935280e-02
6.488946021930291908e-02
5.185327479032561526e-02
1.186155992023277261e-01
1.049407817385237252e-01
6.569284932565190582e-02
7.483192145135285356e-02
1.425029614615805629e-01
8.744118769890515952e-02
9.999995160335782562e-02
7.499999999999988620e-02
7.499998815117304984e-02
1.224999844241713015e-01
1.249999999999994865e-01
7.933374793020936400e-02
1.300284287756446888e-01
1.001156329817411567e-01
9.783820880753392457e-02
8.749423768773383070e-02
8.248417782833787626e-02
1.224972612141303208e-01
1.100000252570800530e-01
9.745309330976562046e-02
9.749995299669725335e-02
1.642731200665967506e-01
1.225040051062130653e-01
1.049999997752166792e-01
9.117018860831034577e-02
9.035428322794100686e-02
1.324999999999992573e-01
1.049959389799303561e-01
6.999384325461126266e-02
7.284005868728228583e-02
8.749116633560222178e-02
1.249997890271677958e-01
9.250000987310739997e-02
9.499933538766701380e-02
8.000000000000000167e-02
4.000000000000265843e-02
7.999999999999346523e-02
7.919281643957294670e-02
7.999999999963394726e-02
9.249999999978059106e-02
6.499999167450037918e-02
1.063688955014542026e-01
1.049999434092677986e-01
9.249493053495352890e-02
8.499999999967659814e-02
6.415542923562093935e-02
9.547379444229234235e-02
5.264853513149399256e-02
8.999998556641369829e-02
6.749983188721354888e-02
2.499989069943411163e-02
1.000000000000000056e-01
9.500000087208014532e-02
6.749535771885663282e-02
1.025000028474068320e-01
1.224999999999980826e-01
1.249999991346312928e-02
3.500176117431343797e-02
4.250000000027157054e-02
5.249999999995699773e-02
6.250000009693777725e-02
4.749943782186369368e-02
3.750129495914092392e-02
4.733456123689500084e-02
4.500000000023856445e-02
5.500000000023340385e-02
5.249998720663073826e-02
5.249835215657745746e-02
3.998183442422088146e-02
3.499993400910388769e-02
3.810473663472992850e-02
5.993137964211645713e-02
3.249999816068425973e-02
2.999919170915928829e-02
4.999999782888538830e-02
3.352052102957919083e-02
4.500112440044869849e-02
4.499999942433587086e-02
2.750000000017911034e-02
3.500000000015715540e-02
3.750000000017248564e-02
4.000000000016958740e-02
2.500000000166491439e-03
4.499999999949473584e-02
2.750000000005158041e-02
3.999735493331976061e-02
1.250000001080560363e-02
5.491434290486216924e-02
5.000000091876895258e-02
3.999999929147338151e-02
3.222451507228873274e-02
4.249994362934636505e-02
3.999990714750144283e-02
2.504497900774458816e-02
2.499999985577121622e-02
4.719274822757421606e-02
6.250000000039439285e-02
4.500000000012840951e-02
2.999999883832690437e-02
3.999999975093075644e-02
4.250000000005933753e-02
4.500000000012052692e-02
3.499976328894353894e-02
4.500000000011682849e-02
4.250000000011732587e-02
5.750003075235563671e-02
1.750000000011162418e-02
4.250043850860819178e-02
2.006345765444719070e-02
2.750000000010675502e-02
2.250047552246921961e-02
3.913030762352998765e-02
6.000000000010219381e-02
4.000000000010064255e-02
4.000000000026497637e-02
4.997966387403119520e-02
5.999999998404380308e-02
5.495323905504625323e-02
4.500000000009391626e-02
4.000000000006610074e-02
7.495940499570810482e-03
4.000011560345531625e-02
4.749684486359618402e-02
5.499884875327934464e-02
5.999999347250099813e-02
4.500021595336094193e-02
5.249999999987056687e-02
3.500000000008410272e-02
6.249999980705956554e-02
2.995159295144620912e-02
2.750000000008011661e-02
6.249995519745533273e-02
5.000331964292027004e-02
4.750330147860842844e-02
3.500000525764306036e-02
4.488605249012984216e-02
3.250000028634627419e-02
3.494160630482511659e-02
6.512290763757025425e-02
3.498896287568448171e-02
6.500000000614461482e-02
3.923370613837232762e-02
4.250000000006915607e-02
3.758609609602002466e-02
4.000000000006754403e-02
4.750052676773953292e-02
5.999988075410533223e-02
2.750000375197395042e-02
5.082888376919411644e-02
1.999999999999434522e-02
5.683332552352014788e-02
5.500000000006233930e-02
4.657166558849654137e-02
3.996180186717377542e-02
3.249999628547494551e-02
3.500000103672042812e-02
5.000000097906040497e-02
4.772386183923158637e-02
5.000000075590877585e-02
4.087325127040076361e-02
5.002048058454545282e-02
3.499999934965281057e-02
7.250000372142725857e-02
3.999439064277142408e-02
3.999971679464622148e-02
3.250012825358226942e-02
2.000169154055025586e-02
2.000000000005248968e-02
4.500000000005195677e-02
1.250000000005158964e-02
4.773111507218274346e-02
3.250214643762479316e-02
2.919737013868594147e-02
3.954290053145514267e-02
3.500000000004890172e-02
2.500000000048420087e-03
4.794496031965190913e-14
