7.499999999999999722e-03
3.099999999999999978e-01
2.349999999999999867e-01
1.925000000000000044e-01
2.349999999999999867e-01
1.925000000000000044e-01
1.774999999999999911e-01
2.099999999999999922e-01
1.950000000000000067e-01
2.049999999999999878e-01
2.124999999999999944e-01
2.225000000000000033e-01
1.824999999999999956e-01
1.925000000000000044e-01
1.900000000000000022e-01
2.000000000000000111e-01
1.925000000000000044e-01
2.049999999999999878e-01
2.000000000000000111e-01
1.575000000000000011e-01
1.849999999999999978e-01
1.950000000000000067e-01
1.849999999999999978e-01
1.824999999999999956e-01
1.824999999999999956e-01
2.000000000000000111e-01
1.799999999999999933e-01
1.625000000000000056e-01
1.875000000000000000e-01
1.950000000000000067e-01
2.000000000000000111e-01
1.799999999999999933e-01
1.675000000000000100e-01
1.650000000000000078e-01
1.600000000000000033e-01
1.799999999999999933e-01
1.799999999999999933e-01
1.575000000000000011e-01
1.724999999999999867e-01
1.875000000000000000e-01
1.975000000000000089e-01
1.950000000000000067e-01
2.025000000000000133e-01
1.875000000000000000e-01
2.349999999999999867e-01
1.875000000000000000e-01
2.174999999999999989e-01
1.849999999999999978e-01
1.600000000000000033e-01
1.849999999999999978e-01
2.149999999999999967e-01
1.824999999999999956e-01
1.975000000000000089e-01
1.650000000000000078e-01
1.824999999999999956e-01
2.124999999999999944e-01
1.650000000000000078e-01
1.524999999999999967e-01
1.799999999999999933e-01
1.799999999999999933e-01
1.824999999999999956e-01
1.900000000000000022e-01
1.724999999999999867e-01
1.625000000000000056e-01
1.975000000000000089e-01
1.799999999999999933e-01
2.099999999999999922e-01
1.824999999999999956e-01
1.700000000000000122e-01
1.950000000000000067e-01
1.650000000000000078e-01
1.925000000000000044e-01
1.499999999999999944e-01
1.925000000000000044e-01
1.900000000000000022e-01
1.900000000000000022e-01
1.675000000000000100e-01
1.600000000000000033e-01
1.849999999999999978e-01
2.049999999999999878e-01
1.799999999999999933e-01
1.749999999999999889e-01
1.600000000000000033e-01
2.099999999999999922e-01
1.600000000000000033e-01
1.950000000000000067e-01
1.424999999999999878e-01
1.950000000000000067e-01
1.849999999999999978e-01
1.849999999999999978e-01
1.675000000000000100e-01
1.975000000000000089e-01
2.174999999999999989e-01
2.049999999999999878e-01
1.849999999999999978e-01
1.549999999999999989e-01
1.749999999999999889e-01
1.749999999999999889e-01
1.400000000000000133e-01
2.049999999999999878e-01
1.449999999999999900e-01
1.799999999999999933e-01
2.099999999999999922e-01
1.875000000000000000e-01
1.549999999999999989e-01
1.950000000000000067e-01
2.099999999999999922e-01
2.049999999999999878e-01
1.900000000000000022e-01
1.700000000000000122e-01
1.449999999999999900e-01
1.325000000000000067e-01
1.749999999999999889e-01
1.650000000000000078e-01
1.350000000000000089e-01
2.099999999999999922e-01
2.000000000000000111e-01
1.925000000000000044e-01
1.650000000000000078e-01
2.174999999999999989e-01
1.724999999999999867e-01
1.950000000000000067e-01
1.749999999999999889e-01
1.749999999999999889e-01
1.700000000000000122e-01
2.049999999999999878e-01
1.700000000000000122e-01
1.774999999999999911e-01
1.900000000000000022e-01
1.524999999999999967e-01
1.625000000000000056e-01
1.975000000000000089e-01
1.749999999999999889e-01
1.824999999999999956e-01
1.875000000000000000e-01
1.700000000000000122e-01
1.849999999999999978e-01
1.925000000000000044e-01
1.900000000000000022e-01
1.650000000000000078e-01
2.300000000000000100e-01
1.849999999999999978e-01
1.675000000000000100e-01
1.749999999999999889e-01
1.799999999999999933e-01
1.925000000000000044e-01
2.025000000000000133e-01
1.774999999999999911e-01
2.000000000000000111e-01
1.724999999999999867e-01
1.900000000000000022e-01
1.950000000000000067e-01
1.600000000000000033e-01
1.675000000000000100e-01
1.700000000000000122e-01
1.749999999999999889e-01
1.875000000000000000e-01
1.900000000000000022e-01
1.824999999999999956e-01
1.925000000000000044e-01
1.849999999999999978e-01
1.950000000000000067e-01
1.950000000000000067e-01
2.099999999999999922e-01
1.774999999999999911e-01
2.174999999999999989e-01
1.824999999999999956e-01
1.650000000000000078e-01
2.149999999999999967e-01
1.900000000000000022e-01
2.074999999999999900e-01
1.950000000000000067e-01
1.875000000000000000e-01
2.025000000000000133e-01
1.600000000000000033e-01
1.724999999999999867e-01
1.575000000000000011e-01
1.575000000000000011e-01
1.875000000000000000e-01
1.600000000000000033e-01
1.849999999999999978e-01
1.774999999999999911e-01
1.799999999999999933e-01
2.174999999999999989e-01
1.799999999999999933e-01
2.000000000000000111e-01
1.499999999999999944e-01
1.900000000000000022e-01
1.799999999999999933e-01
1.675000000000000100e-01
1.600000000000000033e-01
1.700000000000000122e-01
1.700000000000000122e-01
1.774999999999999911e-01
1.900000000000000022e-01
2.049999999999999878e-01
1.575000000000000011e-01
1.975000000000000089e-01
2.049999999999999878e-01
1.849999999999999978e-01
1.575000000000000011e-01
1.700000000000000122e-01
1.700000000000000122e-01
1.724999999999999867e-01
1.675000000000000100e-01
1.749999999999999889e-01
1.675000000000000100e-01
1.824999999999999956e-01
1.549999999999999989e-01
1.549999999999999989e-01
1.650000000000000078e-01
2.124999999999999944e-01
1.499999999999999944e-01
1.700000000000000122e-01
1.849999999999999978e-01
1.799999999999999933e-01
1.650000000000000078e-01
1.724999999999999867e-01
1.749999999999999889e-01
1.575000000000000011e-01
2.000000000000000111e-01
1.650000000000000078e-01
1.925000000000000044e-01
1.799999999999999933e-01
1.449999999999999900e-01
2.000000000000000111e-01
1.575000000000000011e-01
2.000000000000000111e-01
1.774999999999999911e-01
1.799999999999999933e-01
2.049999999999999878e-01
1.675000000000000100e-01
1.625000000000000056e-01
1.724999999999999867e-01
1.900000000000000022e-01
1.925000000000000044e-01
2.174999999999999989e-01
1.549999999999999989e-01
1.799999999999999933e-01
2.000000000000000111e-01
1.875000000000000000e-01
1.975000000000000089e-01
1.524999999999999967e-01
1.424999999999999878e-01
1.749999999999999889e-01
1.849999999999999978e-01
1.799999999999999933e-01
1.549999999999999989e-01
1.774999999999999911e-01
1.625000000000000056e-01
2.000000000000000111e-01
1.625000000000000056e-01
1.774999999999999911e-01
1.975000000000000089e-01
1.925000000000000044e-01
1.950000000000000067e-01
1.849999999999999978e-01
1.650000000000000078e-01
1.900000000000000022e-01
1.675000000000000100e-01
1.449999999999999900e-01
1.724999999999999867e-01
1.875000000000000000e-01
1.875000000000000000e-01
1.774999999999999911e-01
1.650000000000000078e-01
2.099999999999999922e-01
1.524999999999999967e-01
1.774999999999999911e-01
1.575000000000000011e-01
1.650000000000000078e-01
1.700000000000000122e-01
1.724999999999999867e-01
1.950000000000000067e-01
1.575000000000000011e-01
1.499999999999999944e-01
1.849999999999999978e-01
1.650000000000000078e-01
1.799999999999999933e-01
1.474999999999999922e-01
1.950000000000000067e-01
1.749999999999999889e-01
2.025000000000000133e-01
1.724999999999999867e-01
1.650000000000000078e-01
1.799999999999999933e-01
1.650000000000000078e-01
2.049999999999999878e-01
2.000000000000000111e-01
1.600000000000000033e-01
1.799999999999999933e-01
1.549999999999999989e-01
2.074999999999999900e-01
1.824999999999999956e-01
2.025000000000000133e-01
1.774999999999999911e-01
1.774999999999999911e-01
1.600000000000000033e-01
1.575000000000000011e-01
1.875000000000000000e-01
1.774999999999999911e-01
1.950000000000000067e-01
2.074999999999999900e-01
1.799999999999999933e-01
1.524999999999999967e-01
1.925000000000000044e-01
1.875000000000000000e-01
1.950000000000000067e-01
1.975000000000000089e-01
1.250000000000000000e-01
1.700000000000000122e-01
1.824999999999999956e-01
1.700000000000000122e-01
1.424999999999999878e-01
1.824999999999999956e-01
2.200000000000000011e-01
1.524999999999999967e-01
1.700000000000000122e-01
1.875000000000000000e-01
1.449999999999999900e-01
1.549999999999999989e-01
2.000000000000000111e-01
1.600000000000000033e-01
2.025000000000000133e-01
1.849999999999999978e-01
1.824999999999999956e-01
1.799999999999999933e-01
2.025000000000000133e-01
1.675000000000000100e-01
1.675000000000000100e-01
1.749999999999999889e-01
1.849999999999999978e-01
1.650000000000000078e-01
1.799999999999999933e-01
1.724999999999999867e-01
1.875000000000000000e-01
1.724999999999999867e-01
1.900000000000000022e-01
1.675000000000000100e-01
1.799999999999999933e-01
1.724999999999999867e-01
1.724999999999999867e-01
1.700000000000000122e-01
1.824999999999999956e-01
1.675000000000000100e-01
1.724999999999999867e-01
1.650000000000000078e-01
1.724999999999999867e-01
1.799999999999999933e-01
1.424999999999999878e-01
1.625000000000000056e-01
1.925000000000000044e-01
1.849999999999999978e-01
1.749999999999999889e-01
1.400000000000000133e-01
2.025000000000000133e-01
1.749999999999999889e-01
1.724999999999999867e-01
1.400000000000000133e-01
1.474999999999999922e-01
1.424999999999999878e-01
1.799999999999999933e-01
1.549999999999999989e-01
2.000000000000000111e-01
1.549999999999999989e-01
1.774999999999999911e-01
2.000000000000000111e-01
1.925000000000000044e-01
1.625000000000000056e-01
1.650000000000000078e-01
1.799999999999999933e-01
1.824999999999999956e-01
1.925000000000000044e-01
1.799999999999999933e-01
1.700000000000000122e-01
1.675000000000000100e-01
1.549999999999999989e-01
1.549999999999999989e-01
1.250000000000000000e-01
1.700000000000000122e-01
1.824999999999999956e-01
1.675000000000000100e-01
1.499999999999999944e-01
1.950000000000000067e-01
1.474999999999999922e-01
1.650000000000000078e-01
1.700000000000000122e-01
1.849999999999999978e-01
1.575000000000000011e-01
1.625000000000000056e-01
2.000000000000000111e-01
1.900000000000000022e-01
1.499999999999999944e-01
1.625000000000000056e-01
1.824999999999999956e-01
1.424999999999999878e-01
2.099999999999999922e-01
1.724999999999999867e-01
1.900000000000000022e-01
1.749999999999999889e-01
1.774999999999999911e-01
1.824999999999999956e-01
1.875000000000000000e-01
1.900000000000000022e-01
1.650000000000000078e-01
1.625000000000000056e-01
1.849999999999999978e-01
1.650000000000000078e-01
1.625000000000000056e-01
1.875000000000000000e-01
1.799999999999999933e-01
1.900000000000000022e-01
1.849999999999999978e-01
1.600000000000000033e-01
1.424999999999999878e-01
1.749999999999999889e-01
1.675000000000000100e-01
1.724999999999999867e-01
1.625000000000000056e-01
1.350000000000000089e-01
1.925000000000000044e-01
1.625000000000000056e-01
1.975000000000000089e-01
1.849999999999999978e-01
2.099999999999999922e-01
1.474999999999999922e-01
1.424999999999999878e-01
1.749999999999999889e-01
1.849999999999999978e-01
2.000000000000000111e-01
1.600000000000000033e-01
1.900000000000000022e-01
2.074999999999999900e-01
1.975000000000000089e-01
1.799999999999999933e-01
1.600000000000000033e-01
1.375000000000000111e-01
1.799999999999999933e-01
2.000000000000000111e-01
2.000000000000000111e-01
2.149999999999999967e-01
1.600000000000000033e-01
1.900000000000000022e-01
1.524999999999999967e-01
1.650000000000000078e-01
1.700000000000000122e-01
1.675000000000000100e-01
1.700000000000000122e-01
1.925000000000000044e-01
1.700000000000000122e-01
1.925000000000000044e-01
1.950000000000000067e-01
1.724999999999999867e-01
1.650000000000000078e-01
1.724999999999999867e-01
1.749999999999999889e-01
2.300000000000000100e-01
1.499999999999999944e-01
1.975000000000000089e-01
1.675000000000000100e-01
1.650000000000000078e-01
1.600000000000000033e-01
1.900000000000000022e-01
1.900000000000000022e-01
1.975000000000000089e-01
1.950000000000000067e-01
1.700000000000000122e-01
1.799999999999999933e-01
1.675000000000000100e-01
1.575000000000000011e-01
2.000000000000000111e-01
1.700000000000000122e-01
1.499999999999999944e-01
1.900000000000000022e-01
1.799999999999999933e-01
1.700000000000000122e-01
1.650000000000000078e-01
1.375000000000000111e-01
1.875000000000000000e-01
1.700000000000000122e-01
1.625000000000000056e-01
1.350000000000000089e-01
1.749999999999999889e-01
1.799999999999999933e-01
1.650000000000000078e-01
1.224999999999999978e-01
1.675000000000000100e-01
1.625000000000000056e-01
2.000000000000000111e-01
1.774999999999999911e-01
1.700000000000000122e-01
1.524999999999999967e-01
1.424999999999999878e-01
1.650000000000000078e-01
1.499999999999999944e-01
1.900000000000000022e-01
1.199999999999999956e-01
1.300000000000000044e-01
1.675000000000000100e-01
1.524999999999999967e-01
1.700000000000000122e-01
1.799999999999999933e-01
1.474999999999999922e-01
1.724999999999999867e-01
1.600000000000000033e-01
1.849999999999999978e-01
1.199999999999999956e-01
1.700000000000000122e-01
1.700000000000000122e-01
1.650000000000000078e-01
1.925000000000000044e-01
1.875000000000000000e-01
1.650000000000000078e-01
1.700000000000000122e-01
1.724999999999999867e-01
1.700000000000000122e-01
1.849999999999999978e-01
1.650000000000000078e-01
1.600000000000000033e-01
1.300000000000000044e-01
1.700000000000000122e-01
1.700000000000000122e-01
1.824999999999999956e-01
1.549999999999999989e-01
1.799999999999999933e-01
1.700000000000000122e-01
1.650000000000000078e-01
1.524999999999999967e-01
1.724999999999999867e-01
1.675000000000000100e-01
1.625000000000000056e-01
1.700000000000000122e-01
1.650000000000000078e-01
1.875000000000000000e-01
1.700000000000000122e-01
1.400000000000000133e-01
1.474999999999999922e-01
1.250000000000000000e-01
1.625000000000000056e-01
1.700000000000000122e-01
1.700000000000000122e-01
1.700000000000000122e-01
1.675000000000000100e-01
1.400000000000000133e-01
2.000000000000000111e-01
2.000000000000000111e-01
1.900000000000000022e-01
1.524999999999999967e-01
1.799999999999999933e-01
1.325000000000000067e-01
2.000000000000000111e-01
1.875000000000000000e-01
1.799999999999999933e-01
1.925000000000000044e-01
1.600000000000000033e-01
1.675000000000000100e-01
1.975000000000000089e-01
1.650000000000000078e-01
1.325000000000000067e-01
1.749999999999999889e-01
1.449999999999999900e-01
1.950000000000000067e-01
1.824999999999999956e-01
1.650000000000000078e-01
1.724999999999999867e-01
1.724999999999999867e-01
1.600000000000000033e-01
1.600000000000000033e-01
1.650000000000000078e-01
1.400000000000000133e-01
1.400000000000000133e-01
1.975000000000000089e-01
1.499999999999999944e-01
1.700000000000000122e-01
1.575000000000000011e-01
1.600000000000000033e-01
1.650000000000000078e-01
1.499999999999999944e-01
1.600000000000000033e-01
1.600000000000000033e-01
1.875000000000000000e-01
1.449999999999999900e-01
1.549999999999999989e-01
1.549999999999999989e-01
1.549999999999999989e-01
1.799999999999999933e-01
1.199999999999999956e-01
1.724999999999999867e-01
1.575000000000000011e-01
1.700000000000000122e-01
1.950000000000000067e-01
1.449999999999999900e-01
1.799999999999999933e-01
1.625000000000000056e-01
1.575000000000000011e-01
1.625000000000000056e-01
1.575000000000000011e-01
1.675000000000000100e-01
1.749999999999999889e-01
1.549999999999999989e-01
1.600000000000000033e-01
1.849999999999999978e-01
1.675000000000000100e-01
1.900000000000000022e-01
1.600000000000000033e-01
1.600000000000000033e-01
2.099999999999999922e-01
1.575000000000000011e-01
1.325000000000000067e-01
1.700000000000000122e-01
1.749999999999999889e-01
1.650000000000000078e-01
1.575000000000000011e-01
1.600000000000000033e-01
2.025000000000000133e-01
1.724999999999999867e-01
1.524999999999999967e-01
1.650000000000000078e-01
1.625000000000000056e-01
1.375000000000000111e-01
1.524999999999999967e-01
1.499999999999999944e-01
1.474999999999999922e-01
1.300000000000000044e-01
2.025000000000000133e-01
1.700000000000000122e-01
1.350000000000000089e-01
1.799999999999999933e-01
1.849999999999999978e-01
1.650000000000000078e-01
1.600000000000000033e-01
1.849999999999999978e-01
1.650000000000000078e-01
1.650000000000000078e-01
1.600000000000000033e-01
1.749999999999999889e-01
1.224999999999999978e-01
1.724999999999999867e-01
1.499999999999999944e-01
1.499999999999999944e-01
1.749999999999999889e-01
1.700000000000000122e-01
1.950000000000000067e-01
1.524999999999999967e-01
1.449999999999999900e-01
1.675000000000000100e-01
1.499999999999999944e-01
1.700000000000000122e-01
1.449999999999999900e-01
1.650000000000000078e-01
1.424999999999999878e-01
1.350000000000000089e-01
1.600000000000000033e-01
1.650000000000000078e-01
1.499999999999999944e-01
1.625000000000000056e-01
1.824999999999999956e-01
1.799999999999999933e-01
1.400000000000000133e-01
1.524999999999999967e-01
1.575000000000000011e-01
1.549999999999999989e-01
1.799999999999999933e-01
1.499999999999999944e-01
1.549999999999999989e-01
1.650000000000000078e-01
1.650000000000000078e-01
1.700000000000000122e-01
1.600000000000000033e-01
1.499999999999999944e-01
1.650000000000000078e-01
1.700000000000000122e-01
1.700000000000000122e-01
1.625000000000000056e-01
1.650000000000000078e-01
1.875000000000000000e-01
1.650000000000000078e-01
1.799999999999999933e-01
1.799999999999999933e-01
1.474999999999999922e-01
1.650000000000000078e-01
1.474999999999999922e-01
1.749999999999999889e-01
1.575000000000000011e-01
1.499999999999999944e-01
1.950000000000000067e-01
1.650000000000000078e-01
1.150000000000000050e-01
1.650000000000000078e-01
1.499999999999999944e-01
1.799999999999999933e-01
1.650000000000000078e-01
1.799999999999999933e-01
1.499999999999999944e-01
1.549999999999999989e-01
1.650000000000000078e-01
1.575000000000000011e-01
1.575000000000000011e-01
1.900000000000000022e-01
1.650000000000000078e-01
1.524999999999999967e-01
1.799999999999999933e-01
1.199999999999999956e-01
1.625000000000000056e-01
1.424999999999999878e-01
1.300000000000000044e-01
1.799999999999999933e-01
2.049999999999999878e-01
1.474999999999999922e-01
1.575000000000000011e-01
1.424999999999999878e-01
1.600000000000000033e-01
1.749999999999999889e-01
1.700000000000000122e-01
1.650000000000000078e-01
1.749999999999999889e-01
1.925000000000000044e-01
1.424999999999999878e-01
1.675000000000000100e-01
1.675000000000000100e-01
1.700000000000000122e-01
1.275000000000000022e-01
1.774999999999999911e-01
1.700000000000000122e-01
1.524999999999999967e-01
1.824999999999999956e-01
1.625000000000000056e-01
1.499999999999999944e-01
1.650000000000000078e-01
1.600000000000000033e-01
1.400000000000000133e-01
1.749999999999999889e-01
1.900000000000000022e-01
1.650000000000000078e-01
1.350000000000000089e-01
1.625000000000000056e-01
1.474999999999999922e-01
1.749999999999999889e-01
1.600000000000000033e-01
1.575000000000000011e-01
1.799999999999999933e-01
1.724999999999999867e-01
1.350000000000000089e-01
1.350000000000000089e-01
1.724999999999999867e-01
1.849999999999999978e-01
1.575000000000000011e-01
1.575000000000000011e-01
1.700000000000000122e-01
1.499999999999999944e-01
1.250000000000000000e-01
2.349999999999999867e-01
1.400000000000000133e-01
1.950000000000000067e-01
1.350000000000000089e-01
1.675000000000000100e-01
1.774999999999999911e-01
1.250000000000000000e-01
1.799999999999999933e-01
1.449999999999999900e-01
1.375000000000000111e-01
1.275000000000000022e-01
1.650000000000000078e-01
1.774999999999999911e-01
1.424999999999999878e-01
1.650000000000000078e-01
1.700000000000000122e-01
1.724999999999999867e-01
1.449999999999999900e-01
1.675000000000000100e-01
1.625000000000000056e-01
1.875000000000000000e-01
1.650000000000000078e-01
1.499999999999999944e-01
1.524999999999999967e-01
1.600000000000000033e-01
1.700000000000000122e-01
1.575000000000000011e-01
1.650000000000000078e-01
1.724999999999999867e-01
1.774999999999999911e-01
1.125000000000000028e-01
1.824999999999999956e-01
1.675000000000000100e-01
1.774999999999999911e-01
1.499999999999999944e-01
1.400000000000000133e-01
1.499999999999999944e-01
1.774999999999999911e-01
1.150000000000000050e-01
1.799999999999999933e-01
1.950000000000000067e-01
1.350000000000000089e-01
1.600000000000000033e-01
1.650000000000000078e-01
1.549999999999999989e-01
1.749999999999999889e-01
1.650000000000000078e-01
1.799999999999999933e-01
1.900000000000000022e-01
1.749999999999999889e-01
1.700000000000000122e-01
1.499999999999999944e-01
1.700000000000000122e-01
1.600000000000000033e-01
1.449999999999999900e-01
1.799999999999999933e-01
1.600000000000000033e-01
1.250000000000000000e-01
1.600000000000000033e-01
1.549999999999999989e-01
1.675000000000000100e-01
1.799999999999999933e-01
1.350000000000000089e-01
1.700000000000000122e-01
1.300000000000000044e-01
1.524999999999999967e-01
1.350000000000000089e-01
1.549999999999999989e-01
1.424999999999999878e-01
1.549999999999999989e-01
1.325000000000000067e-01
1.474999999999999922e-01
1.499999999999999944e-01
1.799999999999999933e-01
1.424999999999999878e-01
1.325000000000000067e-01
1.549999999999999989e-01
1.424999999999999878e-01
1.549999999999999989e-01
1.650000000000000078e-01
1.700000000000000122e-01
1.424999999999999878e-01
1.474999999999999922e-01
1.950000000000000067e-01
1.449999999999999900e-01
1.499999999999999944e-01
1.700000000000000122e-01
1.675000000000000100e-01
1.650000000000000078e-01
1.975000000000000089e-01
1.350000000000000089e-01
1.449999999999999900e-01
1.549999999999999989e-01
1.424999999999999878e-01
1.499999999999999944e-01
1.724999999999999867e-01
1.600000000000000033e-01
1.600000000000000033e-01
1.449999999999999900e-01
1.524999999999999967e-01
1.650000000000000078e-01
1.799999999999999933e-01
1.224999999999999978e-01
1.749999999999999889e-01
1.449999999999999900e-01
1.700000000000000122e-01
1.549999999999999989e-01
1.749999999999999889e-01
1.524999999999999967e-01
1.449999999999999900e-01
1.749999999999999889e-01
1.675000000000000100e-01
1.900000000000000022e-01
1.700000000000000122e-01
1.650000000000000078e-01
1.174999999999999933e-01
1.700000000000000122e-01
1.700000000000000122e-01
1.600000000000000033e-01
1.600000000000000033e-01
1.449999999999999900e-01
1.549999999999999989e-01
1.474999999999999922e-01
1.575000000000000011e-01
1.749999999999999889e-01
1.100000000000000006e-01
1.424999999999999878e-01
1.499999999999999944e-01
1.524999999999999967e-01
1.724999999999999867e-01
1.749999999999999889e-01
1.074999999999999983e-01
1.499999999999999944e-01
1.700000000000000122e-01
1.950000000000000067e-01
1.774999999999999911e-01
1.600000000000000033e-01
1.275000000000000022e-01
1.575000000000000011e-01
1.650000000000000078e-01
1.575000000000000011e-01
1.650000000000000078e-01
1.849999999999999978e-01
1.499999999999999944e-01
1.199999999999999956e-01
1.600000000000000033e-01
1.600000000000000033e-01
1.700000000000000122e-01
1.449999999999999900e-01
1.549999999999999989e-01
1.449999999999999900e-01
1.549999999999999989e-01
1.325000000000000067e-01
1.474999999999999922e-01
1.400000000000000133e-01
1.449999999999999900e-01
1.474999999999999922e-01
1.499999999999999944e-01
1.499999999999999944e-01
1.474999999999999922e-01
1.400000000000000133e-01
1.300000000000000044e-01
1.849999999999999978e-01
1.625000000000000056e-01
1.600000000000000033e-01
1.724999999999999867e-01
1.400000000000000133e-01
1.150000000000000050e-01
1.724999999999999867e-01
1.675000000000000100e-01
1.350000000000000089e-01
1.774999999999999911e-01
1.325000000000000067e-01
1.224999999999999978e-01
1.824999999999999956e-01
1.199999999999999956e-01
1.849999999999999978e-01
1.375000000000000111e-01
1.400000000000000133e-01
1.174999999999999933e-01
1.400000000000000133e-01
1.600000000000000033e-01
1.824999999999999956e-01
1.549999999999999989e-01
1.824999999999999956e-01
1.575000000000000011e-01
1.549999999999999989e-01
1.100000000000000006e-01
1.749999999999999889e-01
1.799999999999999933e-01
1.650000000000000078e-01
1.300000000000000044e-01
1.499999999999999944e-01
1.400000000000000133e-01
1.400000000000000133e-01
1.474999999999999922e-01
1.549999999999999989e-01
1.424999999999999878e-01
1.799999999999999933e-01
1.849999999999999978e-01
1.474999999999999922e-01
1.675000000000000100e-01
1.524999999999999967e-01
1.350000000000000089e-01
1.575000000000000011e-01
1.650000000000000078e-01
1.499999999999999944e-01
1.350000000000000089e-01
1.325000000000000067e-01
1.549999999999999989e-01
1.275000000000000022e-01
1.275000000000000022e-01
1.449999999999999900e-01
1.600000000000000033e-01
1.724999999999999867e-01
1.400000000000000133e-01
1.650000000000000078e-01
1.100000000000000006e-01
1.424999999999999878e-01
1.600000000000000033e-01
1.449999999999999900e-01
1.400000000000000133e-01
1.424999999999999878e-01
1.524999999999999967e-01
1.325000000000000067e-01
1.749999999999999889e-01
1.474999999999999922e-01
1.875000000000000000e-01
1.549999999999999989e-01
1.474999999999999922e-01
1.375000000000000111e-01
1.275000000000000022e-01
1.424999999999999878e-01
1.325000000000000067e-01
1.474999999999999922e-01
1.350000000000000089e-01
1.375000000000000111e-01
1.799999999999999933e-01
1.600000000000000033e-01
1.250000000000000000e-01
1.625000000000000056e-01
1.575000000000000011e-01
1.499999999999999944e-01
1.424999999999999878e-01
1.499999999999999944e-01
1.499999999999999944e-01
1.650000000000000078e-01
1.499999999999999944e-01
1.424999999999999878e-01
1.300000000000000044e-01
1.700000000000000122e-01
1.675000000000000100e-01
1.749999999999999889e-01
1.499999999999999944e-01
1.675000000000000100e-01
1.325000000000000067e-01
1.600000000000000033e-01
1.824999999999999956e-01
1.400000000000000133e-01
1.625000000000000056e-01
1.325000000000000067e-01
1.424999999999999878e-01
1.499999999999999944e-01
1.700000000000000122e-01
1.350000000000000089e-01
1.499999999999999944e-01
1.524999999999999967e-01
1.449999999999999900e-01
8.500000000000000611e-02
1.600000000000000033e-01
1.549999999999999989e-01
1.625000000000000056e-01
1.700000000000000122e-01
1.474999999999999922e-01
1.400000000000000133e-01
1.524999999999999967e-01
1.824999999999999956e-01
1.449999999999999900e-01
1.424999999999999878e-01
1.449999999999999900e-01
1.325000000000000067e-01
1.549999999999999989e-01
1.375000000000000111e-01
1.400000000000000133e-01
1.824999999999999956e-01
1.449999999999999900e-01
1.375000000000000111e-01
1.524999999999999967e-01
1.650000000000000078e-01
1.650000000000000078e-01
1.300000000000000044e-01
1.499999999999999944e-01
1.650000000000000078e-01
1.824999999999999956e-01
1.350000000000000089e-01
1.199999999999999956e-01
1.625000000000000056e-01
1.625000000000000056e-01
1.300000000000000044e-01
1.350000000000000089e-01
1.350000000000000089e-01
1.250000000000000000e-01
1.250000000000000000e-01
1.250000000000000000e-01
1.400000000000000133e-01
1.199999999999999956e-01
1.474999999999999922e-01
1.524999999999999967e-01
1.250000000000000000e-01
1.325000000000000067e-01
1.449999999999999900e-01
1.524999999999999967e-01
1.625000000000000056e-01
1.224999999999999978e-01
1.499999999999999944e-01
1.325000000000000067e-01
1.600000000000000033e-01
1.499999999999999944e-01
1.424999999999999878e-01
1.524999999999999967e-01
1.400000000000000133e-01
1.424999999999999878e-01
1.499999999999999944e-01
1.774999999999999911e-01
1.799999999999999933e-01
2.000000000000000111e-01
9.500000000000000111e-02
1.549999999999999989e-01
1.424999999999999878e-01
1.350000000000000089e-01
1.125000000000000028e-01
1.625000000000000056e-01
1.424999999999999878e-01
1.350000000000000089e-01
1.300000000000000044e-01
1.424999999999999878e-01
1.275000000000000022e-01
1.499999999999999944e-01
1.250000000000000000e-01
1.724999999999999867e-01
1.300000000000000044e-01
1.650000000000000078e-01
1.474999999999999922e-01
1.449999999999999900e-01
1.700000000000000122e-01
1.325000000000000067e-01
1.325000000000000067e-01
1.499999999999999944e-01
1.224999999999999978e-01
1.224999999999999978e-01
1.300000000000000044e-01
1.700000000000000122e-01
1.474999999999999922e-01
1.350000000000000089e-01
1.900000000000000022e-01
1.250000000000000000e-01
1.325000000000000067e-01
1.499999999999999944e-01
1.224999999999999978e-01
1.950000000000000067e-01
1.424999999999999878e-01
1.224999999999999978e-01
1.375000000000000111e-01
1.474999999999999922e-01
1.650000000000000078e-01
1.300000000000000044e-01
1.350000000000000089e-01
1.499999999999999944e-01
1.625000000000000056e-01
1.650000000000000078e-01
1.350000000000000089e-01
1.474999999999999922e-01
1.650000000000000078e-01
1.600000000000000033e-01
1.900000000000000022e-01
1.300000000000000044e-01
1.474999999999999922e-01
1.150000000000000050e-01
1.524999999999999967e-01
1.449999999999999900e-01
1.600000000000000033e-01
1.600000000000000033e-01
1.700000000000000122e-01
1.174999999999999933e-01
1.275000000000000022e-01
2.099999999999999922e-01
1.875000000000000000e-01
1.575000000000000011e-01
1.700000000000000122e-01
1.499999999999999944e-01
1.300000000000000044e-01
1.350000000000000089e-01
1.250000000000000000e-01
1.224999999999999978e-01
1.325000000000000067e-01
1.650000000000000078e-01
1.600000000000000033e-01
1.499999999999999944e-01
1.499999999999999944e-01
1.549999999999999989e-01
1.499999999999999944e-01
1.250000000000000000e-01
1.449999999999999900e-01
1.199999999999999956e-01
1.300000000000000044e-01
1.499999999999999944e-01
1.524999999999999967e-01
1.449999999999999900e-01
1.174999999999999933e-01
1.449999999999999900e-01
1.549999999999999989e-01
1.199999999999999956e-01
1.600000000000000033e-01
1.799999999999999933e-01
1.250000000000000000e-01
1.474999999999999922e-01
1.600000000000000033e-01
1.275000000000000022e-01
1.275000000000000022e-01
1.300000000000000044e-01
1.499999999999999944e-01
1.125000000000000028e-01
1.774999999999999911e-01
1.325000000000000067e-01
1.424999999999999878e-01
1.774999999999999911e-01
1.325000000000000067e-01
1.774999999999999911e-01
1.199999999999999956e-01
1.424999999999999878e-01
1.199999999999999956e-01
1.150000000000000050e-01
1.300000000000000044e-01
1.549999999999999989e-01
1.400000000000000133e-01
1.400000000000000133e-01
1.549999999999999989e-01
1.250000000000000000e-01
1.174999999999999933e-01
1.675000000000000100e-01
1.300000000000000044e-01
1.250000000000000000e-01
1.224999999999999978e-01
1.224999999999999978e-01
1.100000000000000006e-01
1.474999999999999922e-01
1.424999999999999878e-01
1.400000000000000133e-01
1.600000000000000033e-01
1.549999999999999989e-01
1.424999999999999878e-01
1.224999999999999978e-01
1.350000000000000089e-01
1.774999999999999911e-01
1.300000000000000044e-01
1.575000000000000011e-01
1.675000000000000100e-01
1.524999999999999967e-01
1.325000000000000067e-01
1.675000000000000100e-01
1.199999999999999956e-01
1.375000000000000111e-01
1.474999999999999922e-01
1.049999999999999961e-01
1.625000000000000056e-01
1.300000000000000044e-01
1.449999999999999900e-01
1.375000000000000111e-01
1.449999999999999900e-01
1.250000000000000000e-01
1.400000000000000133e-01
1.499999999999999944e-01
1.499999999999999944e-01
1.749999999999999889e-01
1.325000000000000067e-01
1.275000000000000022e-01
1.449999999999999900e-01
1.300000000000000044e-01
1.400000000000000133e-01
1.549999999999999989e-01
1.700000000000000122e-01
1.275000000000000022e-01
1.449999999999999900e-01
1.325000000000000067e-01
1.300000000000000044e-01
1.600000000000000033e-01
1.449999999999999900e-01
1.350000000000000089e-01
1.400000000000000133e-01
1.474999999999999922e-01
1.400000000000000133e-01
1.150000000000000050e-01
1.575000000000000011e-01
1.650000000000000078e-01
1.250000000000000000e-01
1.524999999999999967e-01
1.575000000000000011e-01
1.575000000000000011e-01
1.600000000000000033e-01
1.724999999999999867e-01
1.250000000000000000e-01
1.199999999999999956e-01
1.275000000000000022e-01
1.650000000000000078e-01
1.600000000000000033e-01
1.400000000000000133e-01
1.400000000000000133e-01
1.350000000000000089e-01
1.749999999999999889e-01
1.549999999999999989e-01
1.325000000000000067e-01
1.600000000000000033e-01
9.500000000000000111e-02
1.250000000000000000e-01
1.400000000000000133e-01
1.250000000000000000e-01
1.325000000000000067e-01
1.250000000000000000e-01
1.499999999999999944e-01
1.724999999999999867e-01
1.675000000000000100e-01
1.224999999999999978e-01
1.400000000000000133e-01
1.524999999999999967e-01
1.424999999999999878e-01
1.350000000000000089e-01
1.449999999999999900e-01
1.300000000000000044e-01
1.424999999999999878e-01
1.275000000000000022e-01
1.224999999999999978e-01
1.150000000000000050e-01
1.724999999999999867e-01
1.350000000000000089e-01
1.424999999999999878e-01
1.350000000000000089e-01
1.250000000000000000e-01
1.474999999999999922e-01
1.449999999999999900e-01
1.575000000000000011e-01
1.100000000000000006e-01
1.549999999999999989e-01
1.350000000000000089e-01
1.375000000000000111e-01
1.174999999999999933e-01
1.300000000000000044e-01
1.549999999999999989e-01
1.250000000000000000e-01
1.524999999999999967e-01
1.150000000000000050e-01
1.350000000000000089e-01
1.100000000000000006e-01
1.400000000000000133e-01
1.275000000000000022e-01
1.400000000000000133e-01
1.125000000000000028e-01
1.300000000000000044e-01
1.499999999999999944e-01
1.600000000000000033e-01
1.250000000000000000e-01
1.350000000000000089e-01
1.250000000000000000e-01
1.400000000000000133e-01
1.549999999999999989e-01
1.449999999999999900e-01
1.600000000000000033e-01
1.600000000000000033e-01
9.500000000000000111e-02
1.350000000000000089e-01
1.449999999999999900e-01
1.275000000000000022e-01
1.424999999999999878e-01
1.650000000000000078e-01
1.400000000000000133e-01
1.424999999999999878e-01
1.700000000000000122e-01
1.449999999999999900e-01
1.400000000000000133e-01
1.325000000000000067e-01
1.524999999999999967e-01
1.125000000000000028e-01
1.449999999999999900e-01
1.375000000000000111e-01
1.150000000000000050e-01
1.700000000000000122e-01
1.350000000000000089e-01
1.474999999999999922e-01
1.000000000000000056e-01
1.300000000000000044e-01
1.524999999999999967e-01
1.400000000000000133e-01
1.499999999999999944e-01
1.199999999999999956e-01
1.424999999999999878e-01
1.499999999999999944e-01
1.625000000000000056e-01
1.575000000000000011e-01
1.375000000000000111e-01
1.300000000000000044e-01
1.400000000000000133e-01
1.300000000000000044e-01
1.100000000000000006e-01
1.250000000000000000e-01
1.400000000000000133e-01
1.125000000000000028e-01
1.350000000000000089e-01
1.199999999999999956e-01
1.575000000000000011e-01
1.400000000000000133e-01
1.375000000000000111e-01
1.199999999999999956e-01
1.424999999999999878e-01
1.499999999999999944e-01
1.325000000000000067e-01
1.700000000000000122e-01
1.524999999999999967e-01
1.325000000000000067e-01
1.250000000000000000e-01
1.499999999999999944e-01
1.150000000000000050e-01
1.350000000000000089e-01
1.449999999999999900e-01
1.074999999999999983e-01
1.024999999999999939e-01
1.524999999999999967e-01
1.325000000000000067e-01
1.600000000000000033e-01
1.549999999999999989e-01
1.424999999999999878e-01
1.499999999999999944e-01
1.275000000000000022e-01
1.275000000000000022e-01
1.125000000000000028e-01
1.575000000000000011e-01
1.524999999999999967e-01
1.275000000000000022e-01
1.150000000000000050e-01
1.400000000000000133e-01
1.524999999999999967e-01
1.424999999999999878e-01
1.424999999999999878e-01
1.600000000000000033e-01
1.600000000000000033e-01
1.400000000000000133e-01
1.250000000000000000e-01
1.424999999999999878e-01
1.350000000000000089e-01
1.350000000000000089e-01
1.325000000000000067e-01
1.100000000000000006e-01
1.400000000000000133e-01
1.499999999999999944e-01
1.549999999999999989e-01
1.224999999999999978e-01
1.275000000000000022e-01
1.950000000000000067e-01
1.449999999999999900e-01
1.449999999999999900e-01
1.600000000000000033e-01
1.049999999999999961e-01
1.625000000000000056e-01
1.400000000000000133e-01
1.375000000000000111e-01
1.275000000000000022e-01
1.600000000000000033e-01
1.549999999999999989e-01
1.250000000000000000e-01
1.449999999999999900e-01
1.700000000000000122e-01
1.350000000000000089e-01
1.449999999999999900e-01
1.100000000000000006e-01
1.150000000000000050e-01
1.849999999999999978e-01
1.250000000000000000e-01
1.600000000000000033e-01
1.300000000000000044e-01
1.625000000000000056e-01
1.600000000000000033e-01
1.199999999999999956e-01
1.325000000000000067e-01
1.125000000000000028e-01
1.449999999999999900e-01
9.500000000000000111e-02
1.400000000000000133e-01
1.600000000000000033e-01
1.199999999999999956e-01
1.074999999999999983e-01
1.375000000000000111e-01
1.300000000000000044e-01
1.325000000000000067e-01
1.650000000000000078e-01
1.174999999999999933e-01
1.350000000000000089e-01
1.625000000000000056e-01
1.174999999999999933e-01
9.249999999999999889e-02
1.375000000000000111e-01
1.499999999999999944e-01
1.100000000000000006e-01
1.275000000000000022e-01
1.325000000000000067e-01
1.499999999999999944e-01
1.275000000000000022e-01
1.549999999999999989e-01
1.100000000000000006e-01
1.275000000000000022e-01
8.000000000000000167e-02
1.275000000000000022e-01
1.424999999999999878e-01
1.199999999999999956e-01
1.049999999999999961e-01
1.474999999999999922e-01
1.250000000000000000e-01
1.499999999999999944e-01
1.350000000000000089e-01
1.375000000000000111e-01
1.199999999999999956e-01
1.350000000000000089e-01
9.750000000000000333e-02
1.125000000000000028e-01
1.325000000000000067e-01
1.250000000000000000e-01
1.474999999999999922e-01
1.375000000000000111e-01
1.224999999999999978e-01
1.350000000000000089e-01
1.074999999999999983e-01
1.350000000000000089e-01
1.150000000000000050e-01
1.250000000000000000e-01
1.224999999999999978e-01
1.350000000000000089e-01
1.474999999999999922e-01
1.150000000000000050e-01
1.650000000000000078e-01
1.250000000000000000e-01
1.174999999999999933e-01
1.174999999999999933e-01
1.350000000000000089e-01
1.474999999999999922e-01
1.024999999999999939e-01
1.675000000000000100e-01
1.174999999999999933e-01
1.350000000000000089e-01
1.125000000000000028e-01
1.174999999999999933e-01
1.375000000000000111e-01
1.350000000000000089e-01
1.325000000000000067e-01
1.449999999999999900e-01
1.449999999999999900e-01
1.499999999999999944e-01
1.275000000000000022e-01
1.250000000000000000e-01
1.375000000000000111e-01
1.350000000000000089e-01
1.325000000000000067e-01
1.449999999999999900e-01
1.174999999999999933e-01
1.749999999999999889e-01
1.449999999999999900e-01
1.049999999999999961e-01
1.250000000000000000e-01
1.000000000000000056e-01
1.424999999999999878e-01
1.250000000000000000e-01
1.424999999999999878e-01
1.600000000000000033e-01
1.250000000000000000e-01
1.174999999999999933e-01
1.300000000000000044e-01
1.275000000000000022e-01
1.199999999999999956e-01
1.424999999999999878e-01
1.250000000000000000e-01
1.575000000000000011e-01
1.250000000000000000e-01
1.675000000000000100e-01
1.325000000000000067e-01
1.350000000000000089e-01
1.174999999999999933e-01
9.500000000000000111e-02
1.400000000000000133e-01
1.125000000000000028e-01
1.125000000000000028e-01
1.449999999999999900e-01
1.174999999999999933e-01
1.074999999999999983e-01
1.325000000000000067e-01
1.524999999999999967e-01
1.049999999999999961e-01
1.049999999999999961e-01
1.400000000000000133e-01
1.400000000000000133e-01
1.174999999999999933e-01
1.424999999999999878e-01
9.500000000000000111e-02
1.325000000000000067e-01
1.074999999999999983e-01
1.300000000000000044e-01
1.300000000000000044e-01
1.125000000000000028e-01
1.549999999999999989e-01
1.325000000000000067e-01
1.250000000000000000e-01
1.199999999999999956e-01
1.499999999999999944e-01
1.350000000000000089e-01
9.750000000000000333e-02
1.224999999999999978e-01
1.074999999999999983e-01
1.199999999999999956e-01
1.350000000000000089e-01
1.174999999999999933e-01
1.049999999999999961e-01
1.100000000000000006e-01
1.275000000000000022e-01
1.325000000000000067e-01
1.625000000000000056e-01
1.549999999999999989e-01
1.275000000000000022e-01
1.449999999999999900e-01
1.799999999999999933e-01
1.224999999999999978e-01
1.199999999999999956e-01
1.100000000000000006e-01
9.750000000000000333e-02
1.474999999999999922e-01
1.275000000000000022e-01
1.224999999999999978e-01
1.424999999999999878e-01
9.750000000000000333e-02
1.275000000000000022e-01
9.750000000000000333e-02
1.049999999999999961e-01
1.000000000000000056e-01
1.350000000000000089e-01
1.250000000000000000e-01
8.999999999999999667e-02
1.300000000000000044e-01
1.350000000000000089e-01
1.300000000000000044e-01
1.400000000000000133e-01
1.125000000000000028e-01
1.125000000000000028e-01
8.749999999999999445e-02
1.150000000000000050e-01
1.150000000000000050e-01
7.499999999999999722e-02
1.350000000000000089e-01
1.275000000000000022e-01
1.150000000000000050e-01
8.999999999999999667e-02
1.499999999999999944e-01
1.400000000000000133e-01
1.000000000000000056e-01
1.325000000000000067e-01
1.074999999999999983e-01
1.350000000000000089e-01
1.350000000000000089e-01
1.150000000000000050e-01
1.125000000000000028e-01
1.549999999999999989e-01
1.350000000000000089e-01
1.400000000000000133e-01
9.500000000000000111e-02
1.174999999999999933e-01
1.575000000000000011e-01
1.600000000000000033e-01
1.250000000000000000e-01
1.049999999999999961e-01
9.750000000000000333e-02
1.049999999999999961e-01
1.049999999999999961e-01
1.275000000000000022e-01
1.449999999999999900e-01
1.174999999999999933e-01
1.749999999999999889e-01
1.375000000000000111e-01
1.000000000000000056e-01
1.250000000000000000e-01
1.100000000000000006e-01
1.174999999999999933e-01
1.199999999999999956e-01
8.749999999999999445e-02
1.024999999999999939e-01
1.375000000000000111e-01
1.499999999999999944e-01
1.275000000000000022e-01
1.524999999999999967e-01
1.275000000000000022e-01
1.100000000000000006e-01
1.150000000000000050e-01
1.400000000000000133e-01
1.199999999999999956e-01
1.300000000000000044e-01
1.350000000000000089e-01
1.224999999999999978e-01
1.024999999999999939e-01
1.350000000000000089e-01
1.224999999999999978e-01
1.049999999999999961e-01
1.275000000000000022e-01
1.250000000000000000e-01
1.474999999999999922e-01
1.499999999999999944e-01
1.024999999999999939e-01
1.400000000000000133e-01
1.350000000000000089e-01
1.275000000000000022e-01
1.325000000000000067e-01
1.375000000000000111e-01
1.300000000000000044e-01
1.074999999999999983e-01
1.199999999999999956e-01
9.249999999999999889e-02
1.024999999999999939e-01
8.999999999999999667e-02
1.174999999999999933e-01
1.275000000000000022e-01
1.424999999999999878e-01
1.024999999999999939e-01
1.199999999999999956e-01
1.499999999999999944e-01
1.300000000000000044e-01
7.000000000000000666e-02
9.500000000000000111e-02
1.275000000000000022e-01
1.250000000000000000e-01
1.150000000000000050e-01
1.499999999999999944e-01
1.474999999999999922e-01
1.224999999999999978e-01
1.625000000000000056e-01
1.174999999999999933e-01
1.125000000000000028e-01
1.325000000000000067e-01
1.074999999999999983e-01
1.424999999999999878e-01
1.024999999999999939e-01
1.024999999999999939e-01
1.424999999999999878e-01
1.449999999999999900e-01
1.024999999999999939e-01
1.049999999999999961e-01
9.249999999999999889e-02
1.400000000000000133e-01
1.100000000000000006e-01
8.999999999999999667e-02
1.449999999999999900e-01
1.350000000000000089e-01
1.300000000000000044e-01
1.350000000000000089e-01
8.500000000000000611e-02
1.049999999999999961e-01
1.199999999999999956e-01
9.500000000000000111e-02
1.325000000000000067e-01
1.824999999999999956e-01
8.999999999999999667e-02
1.100000000000000006e-01
1.350000000000000089e-01
1.449999999999999900e-01
1.350000000000000089e-01
1.049999999999999961e-01
1.000000000000000056e-01
1.325000000000000067e-01
1.199999999999999956e-01
1.199999999999999956e-01
1.125000000000000028e-01
1.224999999999999978e-01
9.750000000000000333e-02
7.249999999999999500e-02
1.049999999999999961e-01
1.174999999999999933e-01
1.250000000000000000e-01
1.250000000000000000e-01
1.250000000000000000e-01
1.400000000000000133e-01
1.174999999999999933e-01
9.249999999999999889e-02
1.199999999999999956e-01
1.074999999999999983e-01
1.449999999999999900e-01
1.350000000000000089e-01
9.750000000000000333e-02
1.125000000000000028e-01
8.500000000000000611e-02
1.224999999999999978e-01
1.174999999999999933e-01
1.199999999999999956e-01
1.799999999999999933e-01
1.700000000000000122e-01
1.000000000000000056e-01
1.199999999999999956e-01
8.500000000000000611e-02
1.350000000000000089e-01
1.400000000000000133e-01
1.424999999999999878e-01
1.125000000000000028e-01
1.300000000000000044e-01
1.325000000000000067e-01
1.049999999999999961e-01
1.024999999999999939e-01
1.049999999999999961e-01
1.000000000000000056e-01
7.000000000000000666e-02
1.125000000000000028e-01
1.150000000000000050e-01
1.300000000000000044e-01
1.300000000000000044e-01
9.750000000000000333e-02
9.500000000000000111e-02
1.074999999999999983e-01
9.500000000000000111e-02
1.199999999999999956e-01
1.024999999999999939e-01
1.125000000000000028e-01
1.275000000000000022e-01
1.224999999999999978e-01
1.100000000000000006e-01
9.500000000000000111e-02
1.275000000000000022e-01
6.250000000000000000e-02
1.100000000000000006e-01
1.000000000000000056e-01
1.199999999999999956e-01
1.199999999999999956e-01
1.049999999999999961e-01
1.100000000000000006e-01
1.424999999999999878e-01
1.074999999999999983e-01
1.024999999999999939e-01
1.125000000000000028e-01
1.524999999999999967e-01
1.300000000000000044e-01
1.100000000000000006e-01
1.049999999999999961e-01
1.350000000000000089e-01
1.000000000000000056e-01
1.400000000000000133e-01
1.224999999999999978e-01
8.000000000000000167e-02
9.500000000000000111e-02
1.199999999999999956e-01
1.650000000000000078e-01
1.499999999999999944e-01
1.049999999999999961e-01
1.499999999999999944e-01
1.174999999999999933e-01
1.049999999999999961e-01
1.199999999999999956e-01
1.125000000000000028e-01
1.199999999999999956e-01
1.150000000000000050e-01
8.749999999999999445e-02
9.500000000000000111e-02
1.074999999999999983e-01
1.300000000000000044e-01
1.350000000000000089e-01
1.049999999999999961e-01
1.024999999999999939e-01
1.174999999999999933e-01
9.500000000000000111e-02
1.074999999999999983e-01
1.174999999999999933e-01
1.300000000000000044e-01
1.125000000000000028e-01
1.224999999999999978e-01
1.224999999999999978e-01
1.049999999999999961e-01
1.049999999999999961e-01
1.125000000000000028e-01
1.150000000000000050e-01
9.500000000000000111e-02
1.125000000000000028e-01
9.500000000000000111e-02
1.424999999999999878e-01
1.275000000000000022e-01
1.000000000000000056e-01
1.125000000000000028e-01
8.250000000000000389e-02
9.249999999999999889e-02
1.125000000000000028e-01
9.750000000000000333e-02
8.500000000000000611e-02
1.024999999999999939e-01
1.224999999999999978e-01
1.250000000000000000e-01
9.500000000000000111e-02
1.199999999999999956e-01
1.224999999999999978e-01
1.074999999999999983e-01
1.049999999999999961e-01
1.524999999999999967e-01
1.174999999999999933e-01
1.224999999999999978e-01
1.224999999999999978e-01
1.325000000000000067e-01
1.250000000000000000e-01
1.024999999999999939e-01
1.150000000000000050e-01
1.499999999999999944e-01
1.275000000000000022e-01
1.150000000000000050e-01
1.199999999999999956e-01
1.199999999999999956e-01
1.275000000000000022e-01
1.074999999999999983e-01
1.275000000000000022e-01
1.199999999999999956e-01
1.300000000000000044e-01
1.250000000000000000e-01
9.750000000000000333e-02
1.325000000000000067e-01
9.750000000000000333e-02
9.500000000000000111e-02
1.250000000000000000e-01
9.249999999999999889e-02
1.625000000000000056e-01
1.100000000000000006e-01
8.250000000000000389e-02
8.749999999999999445e-02
1.199999999999999956e-01
1.199999999999999956e-01
1.224999999999999978e-01
1.049999999999999961e-01
1.325000000000000067e-01
8.749999999999999445e-02
1.199999999999999956e-01
8.749999999999999445e-02
1.275000000000000022e-01
1.100000000000000006e-01
1.174999999999999933e-01
8.999999999999999667e-02
8.749999999999999445e-02
1.100000000000000006e-01
1.100000000000000006e-01
1.074999999999999983e-01
1.174999999999999933e-01
9.750000000000000333e-02
8.500000000000000611e-02
1.049999999999999961e-01
1.224999999999999978e-01
9.750000000000000333e-02
1.024999999999999939e-01
1.499999999999999944e-01
1.125000000000000028e-01
1.375000000000000111e-01
1.199999999999999956e-01
8.999999999999999667e-02
1.224999999999999978e-01
1.125000000000000028e-01
6.750000000000000444e-02
6.500000000000000222e-02
7.000000000000000666e-02
1.199999999999999956e-01
9.500000000000000111e-02
7.499999999999999722e-02
1.000000000000000056e-01
1.224999999999999978e-01
1.150000000000000050e-01
1.024999999999999939e-01
1.150000000000000050e-01
1.100000000000000006e-01
1.074999999999999983e-01
9.500000000000000111e-02
1.300000000000000044e-01
1.074999999999999983e-01
1.199999999999999956e-01
7.749999999999999944e-02
1.250000000000000000e-01
1.424999999999999878e-01
8.749999999999999445e-02
1.049999999999999961e-01
1.049999999999999961e-01
1.100000000000000006e-01
1.250000000000000000e-01
1.174999999999999933e-01
1.074999999999999983e-01
1.125000000000000028e-01
1.049999999999999961e-01
1.049999999999999961e-01
8.999999999999999667e-02
1.074999999999999983e-01
6.500000000000000222e-02
1.150000000000000050e-01
8.000000000000000167e-02
1.400000000000000133e-01
1.400000000000000133e-01
1.350000000000000089e-01
1.375000000000000111e-01
1.125000000000000028e-01
1.275000000000000022e-01
9.500000000000000111e-02
1.100000000000000006e-01
1.074999999999999983e-01
1.000000000000000056e-01
1.024999999999999939e-01
1.024999999999999939e-01
1.150000000000000050e-01
1.325000000000000067e-01
1.150000000000000050e-01
8.749999999999999445e-02
8.999999999999999667e-02
9.750000000000000333e-02
1.250000000000000000e-01
9.249999999999999889e-02
7.249999999999999500e-02
1.449999999999999900e-01
1.074999999999999983e-01
1.049999999999999961e-01
9.750000000000000333e-02
5.999999999999999778e-02
6.750000000000000444e-02
7.000000000000000666e-02
1.000000000000000056e-01
8.500000000000000611e-02
1.275000000000000022e-01
8.749999999999999445e-02
1.325000000000000067e-01
1.024999999999999939e-01
1.000000000000000056e-01
1.250000000000000000e-01
1.250000000000000000e-01
1.150000000000000050e-01
1.199999999999999956e-01
8.999999999999999667e-02
9.500000000000000111e-02
9.500000000000000111e-02
1.049999999999999961e-01
1.049999999999999961e-01
1.224999999999999978e-01
1.000000000000000056e-01
1.275000000000000022e-01
1.074999999999999983e-01
1.174999999999999933e-01
1.100000000000000006e-01
1.000000000000000056e-01
1.125000000000000028e-01
8.999999999999999667e-02
1.774999999999999911e-01
1.300000000000000044e-01
1.000000000000000056e-01
1.275000000000000022e-01
8.999999999999999667e-02
1.150000000000000050e-01
1.250000000000000000e-01
1.549999999999999989e-01
8.500000000000000611e-02
8.000000000000000167e-02
8.749999999999999445e-02
1.100000000000000006e-01
1.250000000000000000e-01
8.500000000000000611e-02
7.249999999999999500e-02
1.150000000000000050e-01
1.150000000000000050e-01
9.500000000000000111e-02
1.100000000000000006e-01
1.049999999999999961e-01
8.999999999999999667e-02
9.750000000000000333e-02
9.249999999999999889e-02
8.000000000000000167e-02
1.024999999999999939e-01
8.749999999999999445e-02
1.400000000000000133e-01
1.250000000000000000e-01
9.500000000000000111e-02
1.300000000000000044e-01
8.999999999999999667e-02
9.500000000000000111e-02
9.750000000000000333e-02
8.500000000000000611e-02
9.500000000000000111e-02
9.249999999999999889e-02
8.250000000000000389e-02
9.500000000000000111e-02
1.049999999999999961e-01
8.999999999999999667e-02
8.999999999999999667e-02
1.250000000000000000e-01
1.199999999999999956e-01
1.174999999999999933e-01
8.000000000000000167e-02
1.100000000000000006e-01
9.500000000000000111e-02
1.074999999999999983e-01
8.250000000000000389e-02
8.999999999999999667e-02
8.999999999999999667e-02
8.500000000000000611e-02
9.500000000000000111e-02
8.000000000000000167e-02
1.199999999999999956e-01
1.100000000000000006e-01
5.999999999999999778e-02
9.500000000000000111e-02
1.000000000000000056e-01
1.400000000000000133e-01
1.375000000000000111e-01
9.750000000000000333e-02
7.000000000000000666e-02
1.199999999999999956e-01
7.000000000000000666e-02
1.199999999999999956e-01
1.400000000000000133e-01
8.000000000000000167e-02
8.500000000000000611e-02
1.600000000000000033e-01
8.500000000000000611e-02
1.100000000000000006e-01
9.500000000000000111e-02
7.499999999999999722e-02
1.549999999999999989e-01
8.999999999999999667e-02
1.000000000000000056e-01
1.049999999999999961e-01
1.350000000000000089e-01
1.449999999999999900e-01
7.000000000000000666e-02
1.199999999999999956e-01
1.199999999999999956e-01
9.500000000000000111e-02
8.000000000000000167e-02
1.049999999999999961e-01
1.174999999999999933e-01
1.000000000000000056e-01
9.249999999999999889e-02
1.049999999999999961e-01
1.100000000000000006e-01
9.249999999999999889e-02
1.024999999999999939e-01
8.749999999999999445e-02
8.749999999999999445e-02
1.150000000000000050e-01
1.000000000000000056e-01
9.249999999999999889e-02
7.499999999999999722e-02
9.750000000000000333e-02
1.000000000000000056e-01
9.750000000000000333e-02
8.000000000000000167e-02
1.125000000000000028e-01
1.224999999999999978e-01
8.250000000000000389e-02
1.049999999999999961e-01
7.749999999999999944e-02
1.250000000000000000e-01
1.125000000000000028e-01
1.275000000000000022e-01
1.199999999999999956e-01
1.375000000000000111e-01
1.000000000000000056e-01
8.999999999999999667e-02
7.000000000000000666e-02
1.125000000000000028e-01
8.500000000000000611e-02
1.100000000000000006e-01
8.500000000000000611e-02
1.300000000000000044e-01
6.750000000000000444e-02
1.199999999999999956e-01
8.500000000000000611e-02
7.000000000000000666e-02
1.375000000000000111e-01
8.500000000000000611e-02
1.024999999999999939e-01
1.275000000000000022e-01
1.074999999999999983e-01
9.750000000000000333e-02
7.749999999999999944e-02
1.100000000000000006e-01
7.749999999999999944e-02
8.250000000000000389e-02
1.000000000000000056e-01
1.100000000000000006e-01
1.375000000000000111e-01
7.000000000000000666e-02
9.249999999999999889e-02
1.325000000000000067e-01
1.449999999999999900e-01
1.150000000000000050e-01
1.150000000000000050e-01
1.049999999999999961e-01
1.275000000000000022e-01
1.474999999999999922e-01
7.000000000000000666e-02
1.100000000000000006e-01
1.074999999999999983e-01
8.749999999999999445e-02
8.999999999999999667e-02
1.224999999999999978e-01
1.524999999999999967e-01
1.300000000000000044e-01
1.350000000000000089e-01
1.400000000000000133e-01
8.999999999999999667e-02
7.249999999999999500e-02
1.100000000000000006e-01
7.749999999999999944e-02
1.199999999999999956e-01
8.749999999999999445e-02
1.000000000000000056e-01
1.375000000000000111e-01
1.000000000000000056e-01
1.000000000000000056e-01
1.100000000000000006e-01
9.750000000000000333e-02
9.500000000000000111e-02
8.250000000000000389e-02
8.749999999999999445e-02
6.750000000000000444e-02
1.350000000000000089e-01
8.749999999999999445e-02
9.500000000000000111e-02
1.250000000000000000e-01
1.150000000000000050e-01
6.250000000000000000e-02
1.275000000000000022e-01
1.199999999999999956e-01
1.375000000000000111e-01
1.400000000000000133e-01
6.750000000000000444e-02
1.000000000000000056e-01
1.300000000000000044e-01
1.150000000000000050e-01
7.499999999999999722e-02
7.749999999999999944e-02
5.500000000000000028e-02
1.000000000000000056e-01
1.049999999999999961e-01
1.100000000000000006e-01
1.275000000000000022e-01
9.750000000000000333e-02
1.224999999999999978e-01
1.400000000000000133e-01
1.049999999999999961e-01
1.199999999999999956e-01
9.750000000000000333e-02
1.150000000000000050e-01
9.500000000000000111e-02
8.749999999999999445e-02
7.000000000000000666e-02
1.100000000000000006e-01
9.500000000000000111e-02
1.350000000000000089e-01
9.750000000000000333e-02
1.199999999999999956e-01
9.249999999999999889e-02
8.999999999999999667e-02
9.249999999999999889e-02
1.000000000000000056e-01
8.250000000000000389e-02
1.174999999999999933e-01
5.000000000000000278e-02
8.500000000000000611e-02
8.250000000000000389e-02
1.049999999999999961e-01
9.500000000000000111e-02
8.250000000000000389e-02
1.199999999999999956e-01
8.500000000000000611e-02
1.174999999999999933e-01
9.249999999999999889e-02
1.074999999999999983e-01
1.100000000000000006e-01
8.500000000000000611e-02
1.000000000000000056e-01
1.049999999999999961e-01
7.749999999999999944e-02
1.049999999999999961e-01
8.749999999999999445e-02
1.199999999999999956e-01
8.749999999999999445e-02
1.125000000000000028e-01
1.174999999999999933e-01
1.049999999999999961e-01
1.400000000000000133e-01
1.000000000000000056e-01
1.250000000000000000e-01
8.749999999999999445e-02
1.100000000000000006e-01
1.449999999999999900e-01
1.300000000000000044e-01
8.500000000000000611e-02
9.750000000000000333e-02
1.150000000000000050e-01
1.049999999999999961e-01
1.250000000000000000e-01
9.249999999999999889e-02
1.125000000000000028e-01
1.024999999999999939e-01
7.249999999999999500e-02
1.100000000000000006e-01
1.024999999999999939e-01
1.100000000000000006e-01
1.150000000000000050e-01
1.100000000000000006e-01
7.499999999999999722e-02
8.999999999999999667e-02
1.174999999999999933e-01
8.749999999999999445e-02
1.024999999999999939e-01
9.500000000000000111e-02
8.500000000000000611e-02
1.174999999999999933e-01
1.049999999999999961e-01
1.049999999999999961e-01
1.000000000000000056e-01
6.500000000000000222e-02
9.750000000000000333e-02
1.424999999999999878e-01
1.125000000000000028e-01
9.500000000000000111e-02
9.750000000000000333e-02
8.250000000000000389e-02
7.000000000000000666e-02
8.000000000000000167e-02
7.749999999999999944e-02
6.250000000000000000e-02
1.325000000000000067e-01
1.000000000000000056e-01
7.000000000000000666e-02
4.499999999999999833e-02
8.000000000000000167e-02
8.500000000000000611e-02
8.500000000000000611e-02
1.300000000000000044e-01
5.249999999999999806e-02
8.000000000000000167e-02
5.249999999999999806e-02
8.000000000000000167e-02
5.000000000000000278e-02
7.249999999999999500e-02
1.024999999999999939e-01
6.500000000000000222e-02
9.249999999999999889e-02
9.750000000000000333e-02
8.999999999999999667e-02
6.750000000000000444e-02
5.000000000000000278e-02
6.500000000000000222e-02
7.499999999999999722e-02
7.249999999999999500e-02
1.174999999999999933e-01
8.000000000000000167e-02
1.000000000000000056e-01
6.750000000000000444e-02
8.250000000000000389e-02
1.000000000000000056e-01
1.000000000000000056e-01
6.750000000000000444e-02
7.249999999999999500e-02
7.249999999999999500e-02
8.999999999999999667e-02
7.249999999999999500e-02
9.249999999999999889e-02
1.125000000000000028e-01
6.500000000000000222e-02
3.250000000000000111e-02
4.250000000000000305e-02
5.249999999999999806e-02
5.999999999999999778e-02
4.750000000000000056e-02
5.000000000000000278e-02
3.749999999999999861e-02
2.249999999999999917e-02
4.000000000000000083e-02
4.499999999999999833e-02
4.250000000000000305e-02
4.499999999999999833e-02
3.250000000000000111e-02
4.499999999999999833e-02
3.500000000000000333e-02
4.000000000000000083e-02
2.999999999999999889e-02
1.750000000000000167e-02
3.250000000000000111e-02
4.000000000000000083e-02
2.999999999999999889e-02
4.499999999999999833e-02
3.749999999999999861e-02
4.750000000000000056e-02
4.750000000000000056e-02
5.249999999999999806e-02
4.250000000000000305e-02
4.000000000000000083e-02
5.500000000000000028e-02
1.250000000000000069e-02
2.750000000000000014e-02
6.250000000000000000e-02
4.250000000000000305e-02
5.750000000000000250e-02
4.000000000000000083e-02
3.250000000000000111e-02
4.750000000000000056e-02
4.750000000000000056e-02
4.750000000000000056e-02
4.499999999999999833e-02
5.500000000000000028e-02
3.250000000000000111e-02
4.000000000000000083e-02
4.499999999999999833e-02
4.499999999999999833e-02
4.750000000000000056e-02
4.750000000000000056e-02
5.750000000000000250e-02
4.750000000000000056e-02
4.750000000000000056e-02
6.500000000000000222e-02
2.999999999999999889e-02
6.500000000000000222e-02
4.750000000000000056e-02
4.499999999999999833e-02
4.750000000000000056e-02
5.000000000000000278e-02
5.500000000000000028e-02
5.249999999999999806e-02
4.499999999999999833e-02
4.499999999999999833e-02
5.000000000000000278e-02
5.249999999999999806e-02
7.249999999999999500e-02
5.249999999999999806e-02
5.999999999999999778e-02
4.499999999999999833e-02
2.999999999999999889e-02
2.750000000000000014e-02
3.749999999999999861e-02
6.250000000000000000e-02
4.499999999999999833e-02
5.000000000000000278e-02
4.000000000000000083e-02
5.999999999999999778e-02
2.500000000000000139e-02
4.250000000000000305e-02
3.250000000000000111e-02
4.750000000000000056e-02
3.250000000000000111e-02
5.249999999999999806e-02
6.500000000000000222e-02
5.000000000000000278e-02
3.749999999999999861e-02
5.500000000000000028e-02
4.750000000000000056e-02
4.750000000000000056e-02
3.500000000000000333e-02
2.000000000000000042e-02
5.000000000000000104e-03
5.249999999999999806e-02
5.249999999999999806e-02
4.250000000000000305e-02
4.000000000000000083e-02
6.500000000000000222e-02
5.500000000000000028e-02
2.500000000000000139e-02
5.249999999999999806e-02
4.250000000000000305e-02
6.500000000000000222e-02
5.249999999999999806e-02
4.000000000000000083e-02
5.000000000000000278e-02
5.000000000000000278e-02
5.000000000000000278e-02
2.999999999999999889e-02
2.750000000000000014e-02
4.499999999999999833e-02
4.000000000000000083e-02
5.500000000000000028e-02
5.249999999999999806e-02
2.500000000000000139e-02
4.750000000000000056e-02
4.750000000000000056e-02
3.749999999999999861e-02
2.750000000000000014e-02
3.250000000000000111e-02
4.000000000000000083e-02
4.750000000000000056e-02
2.500000000000000139e-02
6.500000000000000222e-02
5.000000000000000278e-02
4.000000000000000083e-02
5.999999999999999778e-02
5.500000000000000028e-02
5.999999999999999778e-02
2.999999999999999889e-02
4.000000000000000083e-02
4.499999999999999833e-02
3.749999999999999861e-02
7.499999999999999722e-03
4.750000000000000056e-02
2.500000000000000052e-03
5.000000000000000278e-02
5.249999999999999806e-02
4.250000000000000305e-02
6.500000000000000222e-02
3.749999999999999861e-02
4.750000000000000056e-02
3.500000000000000333e-02
3.500000000000000333e-02
5.750000000000000250e-02
5.249999999999999806e-02
6.500000000000000222e-02
5.000000000000000278e-02
5.249999999999999806e-02
5.249999999999999806e-02
5.500000000000000028e-02
3.749999999999999861e-02
4.250000000000000305e-02
4.000000000000000083e-02
4.750000000000000056e-02
5.750000000000000250e-02
3.500000000000000333e-02
4.000000000000000083e-02
4.499999999999999833e-02
4.000000000000000083e-02
5.500000000000000028e-02
4.250000000000000305e-02
5.000000000000000278e-02
2.000000000000000042e-02
1.250000000000000069e-02
1.250000000000000069e-02
4.750000000000000056e-02
3.250000000000000111e-02
4.750000000000000056e-02
1.250000000000000069e-02
0.000000000000000000e+00
