#Classe 1
86.94249689071201 2.716941712425184 1 0
111.76910317110129 -2.0881462440578056 1 0
96.79857156913162 21.632859998822415 1 0
97.34161488556789 6.8535581508051315 1 0
87.07872519680747 8.0609492894153 1 0
86.32528139447506 16.74301708872711 1 0
95.29364835542816 -7.219272903596194 1 0
102.37370231208965 -16.19136815732983 1 0
113.66018570261505 -6.43027304539042 1 0
105.12551345774429 -14.2596296099475 1 0
117.9728150186179 -14.455564149727977 1 0
80.68754693261164 -0.8433772673897602 1 0
81.18861238045102 -9.920941636535568 1 0
91.90685757972543 20.986305876259312 1 0
80.15916313415376 11.54521140918607 1 0
87.04732242915547 4.466420542127063 1 0
118.12468270267293 6.268084285669309 1 0
114.53521582247136 5.078309564558358 1 0
87.82101606355339 -7.47199396295792 1 0
106.88518219916695 4.594583899962837 1 0
83.13924577399064 6.220558490282699 1 0
101.77020578781891 -3.8790274221790026 1 0
91.21200254420019 2.676810892591389 1 0
93.67328502128375 -7.381072758295051 1 0
94.03784979077031 -1.2566535387674618 1 0
91.96566012002675 -16.7616956864594 1 0
96.86985708050993 -4.0348377303406044 1 0
105.0128808117399 -2.435985173028731 1 0
108.12015489012104 11.081852081668618 1 0
99.49033878802564 13.698563405196653 1 0
116.52909689724999 -16.074065252836014 1 0
86.826605241702 15.310680133612019 1 0
108.0721172346988 -15.236596619324391 1 0
87.28227193252616 1.8967264654911486 1 0
114.58076594146185 -6.649569068128768 1 0
87.66133589989036 0.8739688323727798 1 0
113.91580337792185 -7.277282485152357 1 0
85.1889175745811 -6.67262678383916 1 0
89.75943260096645 -4.641084976417206 1 0
106.48646395286836 -6.499317657530753 1 0
113.85105575571475 -10.664241059820935 1 0
92.8402916693998 9.828937097140608 1 0
97.60214301889312 -3.984123697664624 1 0
86.71285763289916 5.692846215198843 1 0
99.9220109549738 -0.2700423102029429 1 0
84.1798797605248 18.094798350076378 1 0
95.88568402484631 10.094210488766057 1 0
81.02798728777003 -5.738678765504272 1 0
100.77900097217842 -11.444996023415465 1 0
91.37063474902818 3.4800295553175546 1 0
88.21653186153861 4.701962724072841 1 0
106.66297631735304 -14.462371420598846 1 0
96.10604506154377 -1.5061702239035204 1 0
82.77502625094887 11.695842599941086 1 0
107.87836194694715 -13.031110436023095 1 0
119.2714429634163 6.995634161049098 1 0
89.05766452052669 -1.0501779653562857 1 0
92.08390312561687 16.361743501205208 1 0
114.03034018439855 -14.372564151733082 1 0
115.31262686674965 19.529356878636946 1 0
113.35453928169431 9.458056864915262 1 0
85.1932204881516 -15.295559380807507 1 0
104.43961200678164 10.48755130887707 1 0
119.54953687116664 19.32919826847752 1 0
102.0818734255628 -10.014168066716882 1 0
106.33448088188787 6.508523464342595 1 0
118.3363626201515 -9.196170696720335 1 0
108.29229197143391 -3.3725088078547483 1 0
85.95330884899302 8.206524458389458 1 0
93.6984445541707 -15.101319235707155 1 0
100.00092462223533 1.1565978037406708 1 0
82.241075544805 18.899721184057505 1 0
103.38450174883745 22.777710138214857 1 0
91.6658980439185 17.973791580568474 1 0
118.96181393121007 -1.835390046094699 1 0
85.04574109207698 -3.583200922192068 1 0
91.32718851778158 5.5432301245435065 1 0
104.75775353305893 -8.807413766943425 1 0
97.42992350917987 4.297019517399397 1 0
102.00714318901005 -12.251793751356994 1 0
99.6782837234077 21.490734775647553 1 0
91.8843964561851 7.9076789304845665 1 0
90.81454760267242 -16.136802202107543 1 0
97.44709586021946 4.225283182429768 1 0
109.1193188073288 -8.117906562795634 1 0
110.65634796125426 17.904123499618414 1 0
90.06646677476476 2.518755252102187 1 0
107.16263313038884 4.529485428721251 1 0
119.88854259018164 4.070788207493265 1 0
105.53295148671464 -10.843373855484273 1 0
111.63367789993099 8.437037728231415 1 0
110.194776033094 12.554053442587978 1 0
82.33742730766166 -9.50884788623423 1 0
91.85143381487845 11.163031937159285 1 0
110.70814845953876 -1.1069290055748011 1 0
93.36356961084103 -5.72127545196032 1 0
112.10218206846089 7.082454304874208 1 0
90.39213842307025 0.7378912856052169 1 0
103.59459343331291 7.041814423588334 1 0
91.30591015648139 -11.837116358707878 1 0
#Classe 2
150.4641904789955 48.9477794908585 0 1
161.38361167347506 42.756095536459526 0 1
158.64467839823857 21.444387390920706 0 1
153.43853021463818 24.158065430871403 0 1
154.01411040734547 23.28290886172185 0 1
162.9350617802434 44.99967537668732 0 1
176.50857353550103 38.907127040587135 0 1
159.2691306070622 30.715787283942205 0 1
152.85175778078113 41.59320636159899 0 1
173.24954591185346 37.58491216460898 0 1
170.19564442135314 26.340848228672044 0 1
166.6612268551343 23.166924648900785 0 1
179.0124811571774 26.633279192416097 0 1
173.96057703662476 24.803123972056 0 1
151.90657928459467 43.414041623061046 0 1
181.9990746715247 50.94424826988417 0 1
167.8091713958619 24.947302058654184 0 1
165.59931943782652 17.29529970933153 0 1
167.04766070188475 16.96976673312805 0 1
155.36420869398992 38.08117449063219 0 1
163.04043791847207 28.62182152073469 0 1
150.39452400506548 38.20517028856716 0 1
158.2751895774242 24.322510190500285 0 1
188.36692587527477 35.62965795428809 0 1
175.13358448479124 16.323545481933813 0 1
163.10459686363916 43.40575070240066 0 1
188.64493906965217 31.84818220572852 0 1
180.24160380019603 50.94743966766023 0 1
180.37826700215587 52.58344511958151 0 1
165.52210798655264 19.549667277320037 0 1
154.35060083725867 40.491471168359794 0 1
167.35516553416932 23.009536656886873 0 1
167.86576071759606 36.75538445149453 0 1
172.60409461475058 37.37307966815461 0 1
174.05582159842072 52.86512950138579 0 1
155.91403336832772 27.017929395759875 0 1
173.17640114946002 44.4158872672525 0 1
174.23679900290554 49.871947191702006 0 1
157.36185644402218 23.005486484539844 0 1
185.3185288629966 28.029780472210675 0 1
159.6661195222235 50.58591005081516 0 1
185.55479467894403 23.936795095580507 0 1
167.06305258653987 30.47572468263458 0 1
151.02178393416528 20.104149056439375 0 1
159.62593540378336 49.4332066025738 0 1
186.4372909015639 45.902716164915375 0 1
163.62543476417414 36.61074007068773 0 1
177.4708613089414 39.68270853953472 0 1
180.96007766165943 26.486012796335487 0 1
177.35076255870487 47.23300578386507 0 1
177.72321323499807 33.76438006843026 0 1
178.15053265647984 34.9354663964682 0 1
171.30616086732928 47.277557577004075 0 1
156.77966010849434 50.875751265494536 0 1
164.41062786622717 38.81322691615225 0 1
165.7924205685987 24.588919635994838 0 1
160.16787161942165 45.01756667475909 0 1
186.65368181735704 43.33846278202454 0 1
167.16167025065445 25.455849004893288 0 1
174.2816254191143 35.98375377560975 0 1
156.732467882852 54.82858529384371 0 1
188.4986246053077 33.85095076803006 0 1
150.1069130988717 19.40121659890237 0 1
189.10041157868568 41.13872022907599 0 1
184.80257565719756 36.13715363149981 0 1
163.68257117150685 49.561088763172535 0 1
176.9931638435212 28.75446347496269 0 1
185.39985734567097 16.050862320384585 0 1
153.8763060288441 44.90917251568704 0 1
172.09065340975738 49.872712005561546 0 1
189.1745978417722 40.50770470917069 0 1
174.62557876090088 43.989512394844674 0 1
187.26704764492996 45.315980940402284 0 1
180.70047236665172 44.926954154948184 0 1
170.05580976964072 39.277500195041696 0 1
158.65634875286023 27.82157806025148 0 1
167.89292159221185 16.35998023291166 0 1
160.192537698602 44.40288310182187 0 1
182.9396242245327 41.64792612859576 0 1
187.78244795882858 48.70998401524018 0 1
153.07643350611383 23.936660235665727 0 1
160.25396255547128 45.469109962348114 0 1
162.93329676831925 34.50956985190065 0 1
183.71791388161225 39.48804790947969 0 1
176.1697956292483 21.807050427537007 0 1
163.2982976199876 21.139712387846867 0 1
184.52799543027942 39.66153561742738 0 1
186.53800592855725 29.076870917811796 0 1
158.82090824553777 51.37705883778621 0 1
176.22968684738606 50.25707542183297 0 1
170.55770150336943 47.53700656151508 0 1
153.223467371949 40.60295209849484 0 1
188.88593891253993 26.91907685976172 0 1
185.7719387097682 51.93755846899898 0 1
177.85557042281738 15.458580401613151 0 1
163.66898084399267 49.79466659544467 0 1
183.8137890306742 35.945199432297976 0 1
173.87262966712154 26.584938561105144 0 1
174.65368786972465 44.467647974710516 0 1
158.88527231710168 46.350846094032825 0 1
